Albemarle-Pamlico Estuarine System (APES)                                       
     487     282
     431     -0.756958271240E+02      0.352243615938E+02      0.755518834800E+00
     432     -0.756799413592E+02      0.352298746971E+02      0.734804144200E+00
     433     -0.756649372862E+02      0.352211651782E+02      0.685000094900E+00
     454     -0.756954650638E+02      0.352395577424E+02      0.146312726880E+01
     455     -0.756788351961E+02      0.352465456548E+02      0.136298562220E+01
     456     -0.756599283486E+02      0.352430333095E+02      0.151118900790E+01
     457     -0.756407782025E+02      0.352296206582E+02      0.713690403900E+00
     461     -0.757090781119E+02      0.352486668583E+02      0.123852389060E+01
     477     -0.756902426227E+02      0.352592846899E+02      0.210725853570E+01
     478     -0.756674714674E+02      0.352634300337E+02      0.132011051240E+01
     479     -0.756412145291E+02      0.352593931996E+02      0.190607158820E+01
     480     -0.756187640953E+02      0.352475139061E+02      0.698712979800E+00
     481     -0.755946872795E+02      0.352656478622E+02      0.842712712200E+00
     482     -0.755609936308E+02      0.352657434326E+02      0.822910254200E+00
     483     -0.755220100000E+02      0.352693300000E+02      0.564999997600E+00
     484     -0.757261093550E+02      0.352566474023E+02      0.203928040030E+01
     487     -0.757074178388E+02      0.352699236965E+02      0.976354864500E+00
     501     -0.755166248254E+02      0.353074969838E+02      0.616769090700E+00
     502     -0.755172524055E+02      0.353439843575E+02      0.660230304000E+00
     503     -0.756515504514E+02      0.352815530252E+02      0.210052377700E+01
     504     -0.756831815358E+02      0.352823236790E+02      0.124408232800E+01
     505     -0.756184355004E+02      0.352806599757E+02      0.278164450300E+01
     506     -0.755873940966E+02      0.352920737702E+02      0.192893801560E+01
     507     -0.755534298478E+02      0.352967614487E+02      0.147794693290E+01
     508     -0.757321843381E+02      0.352754647173E+02      0.254120053160E+01
     509     -0.757558173510E+02      0.352818556272E+02      0.431387405440E+01
     510     -0.757822680620E+02      0.352852669773E+02      0.440632081540E+01
     511     -0.757114522258E+02      0.352907991194E+02      0.198477084800E+01
     523     -0.755468632258E+02      0.353280763772E+02      0.136496820980E+01
     524     -0.755017152195E+02      0.353730682694E+02      0.562472345200E+00
     525     -0.755381351917E+02      0.353604612943E+02      0.126101188530E+01
     526     -0.756343213375E+02      0.352999609512E+02      0.194137925460E+01
     527     -0.756638844955E+02      0.353024648144E+02      0.258438271510E+01
     528     -0.756916976513E+02      0.353076889031E+02      0.363132385540E+01
     529     -0.756077265528E+02      0.353148665324E+02      0.125583420380E+01
     530     -0.755783868124E+02      0.353232339074E+02      0.175514116510E+01
     531     -0.757367116642E+02      0.352991790099E+02      0.422407881330E+01
     532     -0.757637490388E+02      0.353047194545E+02      0.430538843760E+01
     533     -0.757924161765E+02      0.353082100271E+02      0.521754233700E+01
     534     -0.757166926917E+02      0.353170461880E+02      0.463393256850E+01
     535     -0.757976724903E+02      0.353298436435E+02      0.606179239710E+01
     536     -0.758193940930E+02      0.353179243548E+02      0.604068502160E+01
     546     -0.755689435287E+02      0.353542026115E+02      0.932638420100E+00
     547     -0.754973098085E+02      0.354053866385E+02      0.595155601100E+00
     548     -0.755284331675E+02      0.353904933501E+02      0.991895301400E+00
     549     -0.755596358391E+02      0.353846207910E+02      0.310567187640E+01
     550     -0.756414794251E+02      0.353207421030E+02      0.418935164080E+01
     551     -0.756214821650E+02      0.353370838790E+02      0.385097173550E+01
     552     -0.756718003190E+02      0.353275059183E+02      0.437761358800E+01
     553     -0.756968686542E+02      0.353366891172E+02      0.518685869180E+01
     554     -0.755979967509E+02      0.353514971304E+02      0.294328486400E+01
     555     -0.757439097861E+02      0.353244871308E+02      0.526550686530E+01
     556     -0.757726325399E+02      0.353281646409E+02      0.541857990760E+01
     557     -0.757242608465E+02      0.353441429324E+02      0.583076346950E+01
     558     -0.758092212517E+02      0.353443521525E+02      0.619021217380E+01
     559     -0.757852768164E+02      0.353515353655E+02      0.623653551730E+01
     560     -0.758340969309E+02      0.353499374700E+02      0.617321792810E+01
     567     -0.760088912820E+02      0.354485979823E+02      0.695156433400E+00
     568     -0.754917199641E+02      0.354360610192E+02      0.557736909400E+00
     569     -0.754882333752E+02      0.354653215663E+02      0.623056056800E+00
     570     -0.754875075504E+02      0.354930353388E+02      0.556314524000E+00
     571     -0.755886092716E+02      0.353837560400E+02      0.486256269900E+01
     572     -0.755218017007E+02      0.354211466253E+02      0.805244844300E+00
     573     -0.755510027619E+02      0.354143955673E+02      0.366133952960E+01
     574     -0.755793182686E+02      0.354136068886E+02      0.502742615450E+01
     575     -0.756494899082E+02      0.353459708533E+02      0.433801542850E+01
     576     -0.756264197239E+02      0.353603574569E+02      0.486241216680E+01
     577     -0.756754470913E+02      0.353569696965E+02      0.503647759800E+01
     578     -0.757027131179E+02      0.353643918478E+02      0.577034618490E+01
     579     -0.756168978815E+02      0.353838150546E+02      0.539257798770E+01
     580     -0.757554867694E+02      0.353528661667E+02      0.615746946940E+01
     581     -0.757309607545E+02      0.353701672220E+02      0.622149221760E+01
     582     -0.758080705264E+02      0.353723085998E+02      0.605316394020E+01
     583     -0.757762372251E+02      0.353794738828E+02      0.631279090830E+01
     584     -0.758438400944E+02      0.353782484564E+02      0.606077252260E+01
     589     -0.759732908374E+02      0.354494036972E+02      0.382885770730E+01
     590     -0.759888437639E+02      0.354806371470E+02      0.926359787500E+00
     591     -0.754852369181E+02      0.355187192494E+02      0.601127986400E+00
     592     -0.755161520894E+02      0.354506770561E+02      0.107640962830E+01
     593     -0.755121208304E+02      0.354790373071E+02      0.159298643620E+01
     594     -0.755082386974E+02      0.355060369910E+02      0.830406162700E+00
     595     -0.756073158897E+02      0.354127854519E+02      0.556269138910E+01
     596     -0.755439653426E+02      0.354439770333E+02      0.419756044930E+01
     597     -0.755712031202E+02      0.354429381208E+02      0.464578631220E+01
     598     -0.755989949668E+02      0.354416747361E+02      0.524436617770E+01
     599     -0.757080844280E+02      0.353874365775E+02      0.631119675150E+01
     600     -0.756510875912E+02      0.353780335422E+02      0.603426533840E+01
     601     -0.756804037570E+02      0.353863433016E+02      0.624191113550E+01
     602     -0.756362916049E+02      0.354034682684E+02      0.609150710520E+01
     603     -0.757491510356E+02      0.353884851255E+02      0.634036549220E+01
     604     -0.757242504109E+02      0.353984915081E+02      0.635253014600E+01
     605     -0.758228487690E+02      0.353974043264E+02      0.604099988940E+01
     606     -0.757947185993E+02      0.354039879585E+02      0.615821878290E+01
     607     -0.757649611673E+02      0.354120851911E+02      0.634600019450E+01
     608     -0.758511197381E+02      0.354098159766E+02      0.603959056460E+01
     609     -0.759388824220E+02      0.354455597616E+02      0.452499192050E+01
     610     -0.759108439861E+02      0.354333458779E+02      0.518210526320E+01
     611     -0.758825864879E+02      0.354207761675E+02      0.563868800680E+01
     612     -0.759531072013E+02      0.354756304038E+02      0.159121083850E+01
     613     -0.759677747990E+02      0.355085616651E+02      0.729863174700E+00
     614     -0.754765838608E+02      0.355386440532E+02      0.555436219400E+00
     615     -0.754729823513E+02      0.355617867219E+02      0.687859831400E+00
     616     -0.754705222811E+02      0.355836958161E+02      0.598205804000E+00
     617     -0.754729005476E+02      0.356038216240E+02      0.606480670700E+00
     618     -0.754741626126E+02      0.356233385896E+02      0.567047277300E+00
     619     -0.755018035347E+02      0.355313764055E+02      0.898467793700E+00
     620     -0.755379687125E+02      0.354727704183E+02      0.166087476020E+01
     621     -0.755323391539E+02      0.355006253636E+02      0.132854365860E+01
     622     -0.755250980556E+02      0.355268115895E+02      0.212373945440E+01
     623     -0.756306393115E+02      0.354300960077E+02      0.602502547980E+01
     624     -0.755639951722E+02      0.354719215908E+02      0.450152140960E+01
     625     -0.755907978291E+02      0.354706416533E+02      0.499599895740E+01
     626     -0.756205282603E+02      0.354588922397E+02      0.546879253340E+01
     627     -0.756981097455E+02      0.354106992502E+02      0.639719547460E+01
     628     -0.756656336590E+02      0.354159257485E+02      0.642795447870E+01
     629     -0.757318540709E+02      0.354220449330E+02      0.634600019450E+01
     630     -0.758213023415E+02      0.354276895318E+02      0.604099988940E+01
     631     -0.757875861292E+02      0.354343084010E+02      0.604099988940E+01
     632     -0.757585550833E+02      0.354384209935E+02      0.620153480530E+01
     633     -0.758575849711E+02      0.354399722351E+02      0.579016099170E+01
     634     -0.759160106704E+02      0.354696147744E+02      0.475322629910E+01
     635     -0.758869580943E+02      0.354557634557E+02      0.544530920370E+01
     636     -0.759294938760E+02      0.354995503459E+02      0.419856648140E+01
     637     -0.759399337277E+02      0.355351494886E+02      0.151736953300E+01
     638     -0.754951631296E+02      0.355546660821E+02      0.105060105050E+01
     639     -0.754914590673E+02      0.355775074060E+02      0.143123782900E+01
     640     -0.754882527438E+02      0.355974698615E+02      0.111298258810E+01
     641     -0.754837603525E+02      0.356392677927E+02      0.555000007200E+00
     642     -0.754924777596E+02      0.356185810990E+02      0.875838995800E+00
     643     -0.755175494600E+02      0.355523591374E+02      0.134961551760E+01
     644     -0.755570124504E+02      0.355001419376E+02      0.394735471030E+01
     645     -0.755496559910E+02      0.355271998782E+02      0.407291360460E+01
     646     -0.755394403818E+02      0.355496416386E+02      0.291979459170E+01
     647     -0.756510432935E+02      0.354465506999E+02      0.611966182530E+01
     648     -0.755830556052E+02      0.354995667866E+02      0.559536147720E+01
     649     -0.756120139900E+02      0.354886538140E+02      0.430608347520E+01
     650     -0.756380877825E+02      0.354733850136E+02      0.580147241640E+01
     651     -0.757010235839E+02      0.354366464396E+02      0.634600019450E+01
     652     -0.756774674135E+02      0.354526511533E+02      0.629907368960E+01
     653     -0.757333530356E+02      0.354514445909E+02      0.626752495710E+01
     654     -0.758338620019E+02      0.354560993091E+02      0.573600006100E+01
     655     -0.758039376121E+02      0.354588101293E+02      0.598827882000E+01
     656     -0.757694816172E+02      0.354641776402E+02      0.604974426930E+01
     657     -0.758611333142E+02      0.354743373100E+02      0.541514480980E+01
     658     -0.758888314857E+02      0.354946516016E+02      0.489353744230E+01
     659     -0.759066962854E+02      0.355209518722E+02      0.394158563240E+01
     660     -0.759055813620E+02      0.355501521154E+02      0.152901832620E+01
     661     -0.755130139734E+02      0.355769491870E+02      0.170605190990E+01
     662     -0.755070831593E+02      0.355996890126E+02      0.211101781000E+01
     663     -0.754871205264E+02      0.356561138782E+02      0.555271970100E+00
     664     -0.754997601293E+02      0.356391206017E+02      0.712521370700E+00
     665     -0.754960255571E+02      0.356700169958E+02      0.123683453810E+01
     666     -0.755000363770E+02      0.356845349111E+02      0.161690506060E+01
     667     -0.755015746815E+02      0.356991832578E+02      0.820360330800E+00
     668     -0.755102351033E+02      0.357097987825E+02      0.576249463200E+00
     669     -0.755135861087E+02      0.356216392427E+02      0.130775808500E+01
     670     -0.755364987388E+02      0.355736702263E+02      0.334158005970E+01
     671     -0.755749962912E+02      0.355276409869E+02      0.520849787440E+01
     672     -0.755640255034E+02      0.355562247033E+02      0.480267088150E+01
     673     -0.756584368496E+02      0.354778783435E+02      0.594810768090E+01
     674     -0.756068685669E+02      0.355177464019E+02      0.516752278960E+01
     675     -0.756359329716E+02      0.355020083962E+02      0.506554134340E+01
     676     -0.757066195806E+02      0.354665119151E+02      0.616355791060E+01
     677     -0.756830025518E+02      0.354859310060E+02      0.600586227860E+01
     678     -0.757379414709E+02      0.354783774651E+02      0.604099988940E+01
     679     -0.758305686599E+02      0.354844003331E+02      0.558464864900E+01
     680     -0.757984074517E+02      0.354873513637E+02      0.574952957540E+01
     681     -0.757673762366E+02      0.354935486324E+02      0.592253656780E+01
     682     -0.758557588050E+02      0.355089635693E+02      0.506928612770E+01
     683     -0.758916103651E+02      0.356012881874E+02      0.725881311900E+00
     684     -0.758755091560E+02      0.356194233825E+02      0.124675964500E+01
     685     -0.758753399766E+02      0.355344497254E+02      0.423504203520E+01
     686     -0.758803662544E+02      0.355677769723E+02      0.134105300470E+01
     687     -0.755308944976E+02      0.356002586545E+02      0.304730647110E+01
     688     -0.755132215793E+02      0.357226211566E+02      0.579755215300E+00
     689     -0.755162222408E+02      0.357346180380E+02      0.575582249500E+00
     690     -0.755216147200E+02      0.357450246094E+02      0.560703028800E+00
     691     -0.755057147348E+02      0.356574244227E+02      0.984126169400E+00
     692     -0.755186316210E+02      0.356432260075E+02      0.125425090510E+01
     693     -0.755118041758E+02      0.356752479660E+02      0.130763082590E+01
     694     -0.755153389545E+02      0.356930524152E+02      0.934800374200E+00
     695     -0.755200321112E+02      0.357086924937E+02      0.917975363400E+00
     696     -0.755345148696E+02      0.356264308050E+02      0.174983658410E+01
     697     -0.755577703144E+02      0.355851191590E+02      0.450934952910E+01
     698     -0.755995094053E+02      0.355450400695E+02      0.497673453460E+01
     699     -0.755890640770E+02      0.355716406029E+02      0.455048467630E+01
     700     -0.756620013084E+02      0.355103121131E+02      0.545057966150E+01
     701     -0.756379320658E+02      0.355345193473E+02      0.514808576630E+01
     702     -0.757115554599E+02      0.354958367562E+02      0.603600432320E+01
     703     -0.756892331580E+02      0.355172056805E+02      0.535488151990E+01
     704     -0.757385188981E+02      0.355080925690E+02      0.578201448160E+01
     705     -0.757620254601E+02      0.355212732896E+02      0.543759829770E+01
     706     -0.758225250957E+02      0.355127677646E+02      0.522746812170E+01
     707     -0.757906378239E+02      0.355160444499E+02      0.539496179160E+01
     708     -0.758388135450E+02      0.355383345077E+02      0.471046443650E+01
     709     -0.758565554244E+02      0.355873731084E+02      0.128574902310E+01
     710     -0.758543057466E+02      0.355601193265E+02      0.349486666300E+01
     711     -0.758182786576E+02      0.355897699358E+02      0.117098227400E+01
     712     -0.755548930929E+02      0.356111308744E+02      0.351794388400E+01
     714     -0.755241899751E+02      0.357558052849E+02      0.598322594700E+00
     718     -0.755257250539E+02      0.357212741297E+02      0.689401781600E+00
     719     -0.755337203142E+02      0.357501865488E+02      0.762811191100E+00
     720     -0.755295357176E+02      0.357356591282E+02      0.811226241300E+00
     721     -0.755244158488E+02      0.356637509179E+02      0.563370595600E+00
     722     -0.755393141737E+02      0.356498992320E+02      0.119399585630E+01
     723     -0.755292447123E+02      0.356838408537E+02      0.733335279400E+00
     724     -0.755332665915E+02      0.357038155866E+02      0.602875088900E+00
     725     -0.755574089532E+02      0.356366221203E+02      0.238875079970E+01
     726     -0.755825384151E+02      0.355989981600E+02      0.447250494580E+01
     727     -0.756260676829E+02      0.355640560345E+02      0.501850258550E+01
     728     -0.756138607697E+02      0.355883702582E+02      0.477641037960E+01
     729     -0.756701044764E+02      0.355419236795E+02      0.453045378190E+01
     730     -0.756544906663E+02      0.355645375098E+02      0.470007365780E+01
     731     -0.757152668296E+02      0.355287812224E+02      0.509925652340E+01
     732     -0.756945822224E+02      0.355484077501E+02      0.367525282780E+01
     733     -0.757398416881E+02      0.355422283421E+02      0.457985035610E+01
     734     -0.757722158818E+02      0.355467130694E+02      0.496868791720E+01
     735     -0.758047991831E+02      0.355430076108E+02      0.480026019910E+01
     736     -0.758251465134E+02      0.355682649766E+02      0.258825543920E+01
     737     -0.755804799242E+02      0.356253009053E+02      0.396270806810E+01
     739     -0.755374957142E+02      0.357633428699E+02      0.177086337850E+01
     741     -0.755474499429E+02      0.357529094120E+02      0.474092904260E+01
     742     -0.755401553049E+02      0.357236905076E+02      0.101965092280E+01
     743     -0.755424183462E+02      0.357394976332E+02      0.106386718300E+01
     744     -0.755447267941E+02      0.356727172119E+02      0.110344544960E+01
     745     -0.755613857811E+02      0.356614349926E+02      0.162186705910E+01
     746     -0.755491804319E+02      0.356939319284E+02      0.817802483600E+00
     747     -0.755511772303E+02      0.357135850596E+02      0.957673380000E+00
     748     -0.755812060265E+02      0.356514024915E+02      0.289225121000E+01
     749     -0.756113561058E+02      0.356141769120E+02      0.445544287420E+01
     750     -0.756444016908E+02      0.355942758621E+02      0.458231659990E+01
     751     -0.756792240819E+02      0.355769213886E+02      0.453740375630E+01
     752     -0.757153114125E+02      0.355663664359E+02      0.312283277580E+01
     753     -0.757500496514E+02      0.355717241717E+02      0.274191159220E+01
     754     -0.757862710192E+02      0.355765796449E+02      0.196264683170E+01
     755     -0.756061790801E+02      0.356411043988E+02      0.449244441690E+01
     758     -0.755532796122E+02      0.357678491930E+02      0.781250877200E+00
     759     -0.755822857045E+02      0.356744142312E+02      0.261044128110E+01
     760     -0.755614620548E+02      0.357557282123E+02      0.646321503400E+00
     761     -0.755608191786E+02      0.357344757722E+02      0.951888889500E+00
     762     -0.755689553915E+02      0.356869713417E+02      0.187195598800E+01
     763     -0.755685106661E+02      0.357101438566E+02      0.161696610930E+01
     764     -0.756024093329E+02      0.356678177504E+02      0.409255108750E+01
     765     -0.756373348281E+02      0.356255944519E+02      0.417091802960E+01
     766     -0.756687492224E+02      0.356081604589E+02      0.423720854470E+01
     767     -0.756991996513E+02      0.355963166096E+02      0.428822807340E+01
     768     -0.757290558958E+02      0.355941244248E+02      0.314018346420E+01
     769     -0.757617610565E+02      0.356018927150E+02      0.845183656700E+00
     770     -0.756297862919E+02      0.356539897629E+02      0.439176563380E+01
     775     -0.755725319623E+02      0.357713964577E+02      0.813850473100E+00
     776     -0.755971494386E+02      0.356915647438E+02      0.323146817360E+01
     777     -0.755795884685E+02      0.357518894066E+02      0.943925639300E+00
     778     -0.755847828291E+02      0.357289252959E+02      0.197651412240E+01
     779     -0.755904839888E+02      0.357071764186E+02      0.256880883660E+01
     780     -0.756225926559E+02      0.356818082318E+02      0.433051763680E+01
     781     -0.756617213431E+02      0.356381382009E+02      0.415794765810E+01
     782     -0.756911099646E+02      0.356263350283E+02      0.413195224310E+01
     783     -0.757158147327E+02      0.356208505724E+02      0.391743674310E+01
     784     -0.757350299551E+02      0.356207706522E+02      0.159776515750E+01
     785     -0.757769261815E+02      0.356852008040E+02      0.790915584400E+00
     786     -0.756526412091E+02      0.356663195800E+02      0.457726151210E+01
     791     -0.755942454734E+02      0.357724703988E+02      0.864328693400E+00
     792     -0.756178755431E+02      0.357064413364E+02      0.353020381890E+01
     793     -0.756033430611E+02      0.357476388087E+02      0.137131417480E+01
     794     -0.756104881409E+02      0.357251432167E+02      0.243041108630E+01
     795     -0.756446666182E+02      0.356952564257E+02      0.440480762810E+01
     796     -0.756849315726E+02      0.356547021541E+02      0.405435785130E+01
     797     -0.757135356254E+02      0.356499226912E+02      0.346860781560E+01
     798     -0.757391433188E+02      0.356425050885E+02      0.132422774370E+01
     799     -0.757681748790E+02      0.356640808097E+02      0.635095483200E+00
     800     -0.757494633833E+02      0.357031350827E+02      0.816266648900E+00
     801     -0.756733590111E+02      0.356826368541E+02      0.385013449970E+01
     807     -0.756406876473E+02      0.357219866639E+02      0.456442816400E+01
     808     -0.756314551321E+02      0.357432276442E+02      0.322427026880E+01
     809     -0.756677772635E+02      0.357135803238E+02      0.401190973010E+01
     810     -0.757038018986E+02      0.356779733653E+02      0.280289341020E+01
     811     -0.757295739606E+02      0.356797687409E+02      0.186785540030E+01
     812     -0.756923118863E+02      0.357031757372E+02      0.311604361210E+01
     820     -0.756661414069E+02      0.357443169246E+02      0.382067451830E+01
     821     -0.756973201117E+02      0.357340204277E+02      0.339389508520E+01
     822     -0.757205161531E+02      0.357117192896E+02      0.860866198300E+00
     831     -0.757350308012E+02      0.357489140294E+02      0.106387396070E+01
       1       3     432     454     431
       2       3     432     456     455
       3       3     456     432     433
       4       3     432     455     454
       5       3     433     457     456
       6       3     455     477     454
       7       3     461     454     477
       8       3     455     456     478
       9       3     478     477     455
      10       3     479     456     457
      11       3     478     456     479
      12       3     479     457     480
      13       3     477     487     461
      14       3     484     461     487
      15       3     504     487     477
      16       3     504     477     478
      17       3     479     503     478
      18       3     504     478     503
      19       3     503     479     505
      20       3     479     480     505
      21       3     505     480     481
      22       3     482     506     481
      23       3     506     505     481
      24       3     507     482     483
      25       3     507     506     482
      26       3     501     507     483
      27       3     508     484     487
      28       3     487     504     511
      29       3     487     511     508
      30       3     502     523     501
      31       3     523     507     501
      32       3     525     502     524
      33       3     525     523     502
      34       3     527     503     526
      35       3     504     503     527
      36       3     526     503     505
      37       3     527     528     504
      38       3     504     528     511
      39       3     526     505     529
      40       3     506     529     505
      41       3     507     530     506
      42       3     529     506     530
      43       3     530     507     523
      44       3     531     508     511
      45       3     531     509     508
      46       3     532     509     531
      47       3     509     532     510
      48       3     532     533     510
      49       3     534     531     511
      50       3     528     534     511
      51       3     523     546     530
      52       3     525     546     523
      53       3     524     547     548
      54       3     548     525     524
      55       3     525     549     546
      56       3     548     549     525
      57       3     550     526     529
      58       3     526     550     527
      59       3     552     527     550
      60       3     552     528     527
      61       3     553     534     528
      62       3     553     528     552
      63       3     529     551     550
      64       3     551     529     554
      65       3     529     530     554
      66       3     546     554     530
      67       3     531     555     532
      68       3     555     531     534
      69       3     532     555     556
      70       3     556     533     532
      71       3     556     535     533
      72       3     536     533     535
      73       3     557     534     553
      74       3     555     534     557
      75       3     558     536     535
      76       3     535     559     558
      77       3     535     556     559
      78       3     558     560     536
      79       3     546     549     571
      80       3     571     554     546
      81       3     568     572     547
      82       3     548     547     572
      83       3     573     548     572
      84       3     548     573     549
      85       3     574     549     573
      86       3     549     574     571
      87       3     575     552     550
      88       3     575     550     551
      89       3     554     576     551
      90       3     575     551     576
      91       3     552     575     577
      92       3     577     553     552
      93       3     577     578     553
      94       3     557     553     578
      95       3     571     579     554
      96       3     576     554     579
      97       3     580     555     557
      98       3     556     555     580
      99       3     559     556     580
     100       3     581     557     578
     101       3     581     580     557
     102       3     582     560     558
     103       3     582     558     559
     104       3     582     559     583
     105       3     583     559     580
     106       3     584     560     582
     107       3     590     567     589
     108       3     592     568     569
     109       3     572     568     592
     110       3     569     593     592
     111       3     569     570     593
     112       3     591     594     570
     113       3     594     593     570
     114       3     595     571     574
     115       3     595     579     571
     116       3     572     592     596
     117       3     596     573     572
     118       3     573     596     597
     119       3     597     574     573
     120       3     574     597     598
     121       3     598     595     574
     122       3     576     600     575
     123       3     600     577     575
     124       3     579     600     576
     125       3     601     577     600
     126       3     578     577     601
     127       3     601     599     578
     128       3     581     578     599
     129       3     595     602     579
     130       3     602     600     579
     131       3     581     603     580
     132       3     603     583     580
     133       3     599     604     581
     134       3     603     581     604
     135       3     583     606     582
     136       3     606     605     582
     137       3     584     582     605
     138       3     607     583     603
     139       3     607     606     583
     140       3     584     605     608
     141       3     612     589     609
     142       3     590     589     612
     143       3     612     613     590
     144       3     619     591     614
     145       3     594     591     619
     146       3     620     592     593
     147       3     620     596     592
     148       3     621     593     594
     149       3     621     620     593
     150       3     594     619     622
     151       3     622     621     594
     152       3     623     595     598
     153       3     595     623     602
     154       3     624     596     620
     155       3     624     597     596
     156       3     625     597     624
     157       3     597     625     598
     158       3     626     598     625
     159       3     623     598     626
     160       3     601     627     599
     161       3     604     599     627
     162       3     600     602     628
     163       3     601     600     628
     164       3     627     601     628
     165       3     602     623     628
     166       3     607     603     629
     167       3     603     604     629
     168       3     627     629     604
     169       3     605     630     608
     170       3     630     605     606
     171       3     630     606     631
     172       3     631     606     607
     173       3     631     607     632
     174       3     632     607     629
     175       3     633     608     630
     176       3     608     633     611
     177       3     634     612     609
     178       3     609     610     634
     179       3     634     610     635
     180       3     635     610     611
     181       3     635     611     633
     182       3     636     612     634
     183       3     613     612     636
     184       3     613     636     637
     185       3     619     614     638
     186       3     614     615     638
     187       3     639     615     616
     188       3     639     638     615
     189       3     640     639     616
     190       3     616     617     640
     191       3     617     618     642
     192       3     642     640     617
     193       3     641     642     618
     194       3     643     619     638
     195       3     643     622     619
     196       3     620     621     644
     197       3     644     624     620
     198       3     621     622     645
     199       3     645     644     621
     200       3     622     643     646
     201       3     646     645     622
     202       3     626     647     623
     203       3     647     628     623
     204       3     644     648     624
     205       3     625     624     648
     206       3     625     649     626
     207       3     648     649     625
     208       3     626     649     650
     209       3     650     647     626
     210       3     628     651     627
     211       3     627     651     629
     212       3     628     647     652
     213       3     651     628     652
     214       3     653     629     651
     215       3     632     629     653
     216       3     655     654     630
     217       3     630     631     655
     218       3     654     633     630
     219       3     632     656     631
     220       3     631     656     655
     221       3     656     632     653
     222       3     657     633     654
     223       3     633     657     635
     224       3     658     634     635
     225       3     636     634     658
     226       3     657     658     635
     227       3     637     636     659
     228       3     636     658     659
     229       3     637     659     660
     230       3     639     661     638
     231       3     661     643     638
     232       3     640     662     639
     233       3     661     639     662
     234       3     642     662     640
     235       3     642     641     664
     236       3     641     663     664
     237       3     669     642     664
     238       3     669     662     642
     239       3     643     661     670
     240       3     670     646     643
     241       3     644     645     671
     242       3     671     648     644
     243       3     645     646     672
     244       3     672     671     645
     245       3     670     672     646
     246       3     650     673     647
     247       3     652     647     673
     248       3     648     674     649
     249       3     674     648     671
     250       3     649     674     675
     251       3     650     649     675
     252       3     675     673     650
     253       3     652     676     651
     254       3     653     651     676
     255       3     677     652     673
     256       3     677     676     652
     257       3     678     653     676
     258       3     653     678     656
     259       3     654     679     657
     260       3     679     654     655
     261       3     679     655     680
     262       3     656     680     655
     263       3     681     680     656
     264       3     681     656     678
     265       3     682     657     679
     266       3     682     658     657
     267       3     658     682     685
     268       3     685     659     658
     269       3     685     660     659
     270       3     660     685     686
     271       3     687     661     662
     272       3     670     661     687
     273       3     662     669     687
     274       3     691     663     665
     275       3     691     664     663
     276       3     691     692     664
     277       3     669     664     692
     278       3     693     691     665
     279       3     665     666     693
     280       3     666     667     694
     281       3     694     693     666
     282       3     668     694     667
     283       3     695     694     668
     284       3     668     688     695
     285       3     669     692     696
     286       3     696     687     669
     287       3     687     697     670
     288       3     697     672     670
     289       3     671     672     698
     290       3     671     698     674
     291       3     672     697     699
     292       3     699     698     672
     293       3     673     700     677
     294       3     700     673     675
     295       3     674     698     701
     296       3     674     701     675
     297       3     675     701     700
     298       3     677     702     676
     299       3     702     678     676
     300       3     703     702     677
     301       3     703     677     700
     302       3     704     678     702
     303       3     681     678     704
     304       3     706     679     680
     305       3     682     679     706
     306       3     680     681     707
     307       3     706     680     707
     308       3     681     705     707
     309       3     704     705     681
     310       3     685     682     708
     311       3     708     682     706
     312       3     709     684     683
     313       3     683     686     709
     314       3     686     685     710
     315       3     710     685     708
     316       3     686     710     709
     317       3     712     697     687
     318       3     696     712     687
     319       3     718     688     689
     320       3     718     695     688
     321       3     720     718     689
     322       3     689     690     720
     323       3     690     714     719
     324       3     719     720     690
     325       3     691     693     721
     326       3     721     692     691
     327       3     692     721     722
     328       3     722     696     692
     329       3     693     694     723
     330       3     723     721     693
     331       3     724     694     695
     332       3     724     723     694
     333       3     724     695     718
     334       3     712     696     725
     335       3     722     725     696
     336       3     726     697     712
     337       3     699     697     726
     338       3     699     727     698
     339       3     727     701     698
     340       3     728     699     726
     341       3     699     728     727
     342       3     729     700     701
     343       3     700     729     703
     344       3     701     727     730
     345       3     730     729     701
     346       3     702     731     704
     347       3     731     702     703
     348       3     703     729     732
     349       3     732     731     703
     350       3     731     733     704
     351       3     733     705     704
     352       3     733     734     705
     353       3     705     734     707
     354       3     708     706     735
     355       3     707     735     706
     356       3     735     707     734
     357       3     736     710     708
     358       3     736     708     735
     359       3     736     711     709
     360       3     710     736     709
     361       3     712     737     726
     362       3     712     725     737
     363       3     739     719     714
     364       3     742     724     718
     365       3     720     742     718
     366       3     741     719     739
     367       3     741     743     719
     368       3     719     743     720
     369       3     742     720     743
     370       3     744     721     723
     371       3     722     721     744
     372       3     744     745     722
     373       3     745     725     722
     374       3     723     724     746
     375       3     746     744     723
     376       3     747     724     742
     377       3     747     746     724
     378       3     725     748     737
     379       3     725     745     748
     380       3     726     737     749
     381       3     749     728     726
     382       3     727     728     750
     383       3     730     727     750
     384       3     728     749     750
     385       3     729     751     732
     386       3     729     730     751
     387       3     751     730     750
     388       3     732     752     731
     389       3     733     731     752
     390       3     751     752     732
     391       3     753     733     752
     392       3     733     753     734
     393       3     754     734     753
     394       3     754     735     734
     395       3     736     735     754
     396       3     755     737     748
     397       3     755     749     737
     398       3     741     739     758
     399       3     760     741     758
     400       3     743     741     761
     401       3     760     761     741
     402       3     743     761     742
     403       3     761     747     742
     404       3     746     762     744
     405       3     762     745     744
     406       3     745     762     759
     407       3     759     748     745
     408       3     746     747     763
     409       3     763     762     746
     410       3     761     763     747
     411       3     759     764     748
     412       3     764     755     748
     413       3     765     749     755
     414       3     749     765     750
     415       3     750     765     766
     416       3     750     766     751
     417       3     766     767     751
     418       3     752     751     767
     419       3     752     767     768
     420       3     768     753     752
     421       3     753     768     769
     422       3     769     754     753
     423       3     764     770     755
     424       3     770     765     755
     425       3     760     758     775
     426       3     762     776     759
     427       3     776     764     759
     428       3     760     777     761
     429       3     777     760     775
     430       3     777     778     761
     431       3     761     778     763
     432       3     763     779     762
     433       3     776     762     779
     434       3     778     779     763
     435       3     776     780     764
     436       3     770     764     780
     437       3     781     766     765
     438       3     765     770     781
     439       3     781     782     766
     440       3     767     766     782
     441       3     767     782     783
     442       3     768     767     783
     443       3     784     768     783
     444       3     784     769     768
     445       3     786     770     780
     446       3     786     781     770
     447       3     775     791     777
     448       3     792     776     779
     449       3     792     780     776
     450       3     777     793     778
     451       3     791     793     777
     452       3     778     794     779
     453       3     793     794     778
     454       3     779     794     792
     455       3     780     795     786
     456       3     792     795     780
     457       3     781     796     782
     458       3     786     796     781
     459       3     796     797     782
     460       3     782     797     783
     461       3     783     797     798
     462       3     783     798     784
     463       3     799     800     785
     464       3     786     801     796
     465       3     801     786     795
     466       3     792     807     795
     467       3     807     792     794
     468       3     794     793     808
     469       3     808     807     794
     470       3     795     807     809
     471       3     801     795     809
     472       3     796     801     810
     473       3     810     797     796
     474       3     811     797     810
     475       3     811     798     797
     476       3     799     798     811
     477       3     799     811     800
     478       3     801     809     812
     479       3     801     812     810
     480       3     807     808     820
     481       3     820     809     807
     482       3     821     809     820
     483       3     821     812     809
     484       3     812     822     810
     485       3     811     810     822
     486       3     812     821     822
     487       3     822     821     831
 0 = Number of open boundaries                                                  
 0 = Total number of open boundary nodes                                        
 2 = Number of land boundaries                                                  
 52 = Total number of land boundary nodes                                       
      21       0       1  Number of nodes for land boundary 1                   
     831
     822
     811
     800
     785
     799
     798
     784
     769
     754
     736
     711
     709
     684
     683
     686
     660
     637
     613
     590
     567
      31       0       2  Number of nodes for land boundary 2                   
     431
     432
     433
     457
     480
     481
     482
     483
     501
     502
     524
     547
     568
     569
     570
     591
     614
     615
     616
     617
     618
     641
     663
     665
     666
     667
     668
     688
     689
     690
     714
