Albemarle-Pamlico Estuarine System (APES)                                       
     422     293
       1     -0.770404408910E+02      0.351396604655E+02      0.166100893950E+01
       2     -0.770453558610E+02      0.351213567016E+02      0.123905786760E+01
       3     -0.770181246918E+02      0.351080765588E+02      0.964494855500E+00
       4     -0.770301333406E+02      0.350893729046E+02      0.191335045820E+01
       5     -0.770004218518E+02      0.350794492592E+02      0.147437654560E+01
       6     -0.770046048061E+02      0.350590466920E+02      0.149518791770E+01
       7     -0.769685178126E+02      0.350572707401E+02      0.142980353760E+01
       8     -0.769855222712E+02      0.350256203884E+02      0.127739901870E+01
       9     -0.769588977215E+02      0.350310753534E+02      0.249529561770E+01
      10     -0.769416149471E+02      0.350537295976E+02      0.117817184580E+01
      11     -0.769646828017E+02      0.349958597535E+02      0.140994150490E+01
      12     -0.769398884583E+02      0.350232742370E+02      0.256367713770E+01
      13     -0.769289403027E+02      0.350475782535E+02      0.154183652670E+01
      14     -0.769333060623E+02      0.349718209868E+02      0.961949016600E+00
      15     -0.769215588418E+02      0.349992531841E+02      0.372646989300E+01
      16     -0.769122581489E+02      0.350269275609E+02      0.927250465600E+00
      17     -0.768961459593E+02      0.349576742094E+02      0.888616055000E+00
      18     -0.768794632695E+02      0.350062185192E+02      0.821964323500E+00
      19     -0.768647013941E+02      0.349462943728E+02      0.108300251770E+01
      20     -0.770154900500E+02      0.354938159115E+02      0.179506858390E+01
      21     -0.770009546756E+02      0.354762014658E+02      0.129014577970E+01
      22     -0.768449268196E+02      0.349870875450E+02      0.939334627400E+00
      23     -0.768272655173E+02      0.349392967390E+02      0.661431511200E+00
      24     -0.769859273552E+02      0.354894091228E+02      0.197532962520E+01
      25     -0.769721472103E+02      0.354506328828E+02      0.107107590290E+01
      26     -0.768108595000E+02      0.349665982162E+02      0.159887747950E+01
      27     -0.767912835106E+02      0.349283911763E+02      0.692725508300E+00
      28     -0.769490343976E+02      0.354841948387E+02      0.833101996500E+00
      29     -0.769497690425E+02      0.354408125360E+02      0.809862154500E+00
      30     -0.767536993448E+02      0.349187266282E+02      0.153999619650E+01
      31     -0.767750025423E+02      0.349752265213E+02      0.128052594600E+01
      32     -0.769168290629E+02      0.354638965509E+02      0.129410631050E+01
      33     -0.769138778776E+02      0.354388554382E+02      0.189238036910E+01
      34     -0.767200780598E+02      0.349395664063E+02      0.159479398050E+01
      35     -0.767414204365E+02      0.349964677633E+02      0.131227555290E+01
      36     -0.768785124489E+02      0.354577895236E+02      0.117497151130E+01
      37     -0.768762364279E+02      0.354262934610E+02      0.181969330100E+01
      38     -0.766897553144E+02      0.349654882330E+02      0.341835819580E+01
      39     -0.767041134697E+02      0.350104633891E+02      0.158555789030E+01
      40     -0.768394149683E+02      0.354497944332E+02      0.766347827700E+00
      41     -0.768121231697E+02      0.354699829167E+02      0.223551436100E+01
      42     -0.768380658639E+02      0.354176953215E+02      0.796317172500E+00
      43     -0.764597505766E+02      0.355512470940E+02      0.191740319910E+01
      44     -0.766991146121E+02      0.351378615304E+02      0.212749928960E+01
      45     -0.766534245137E+02      0.349812688300E+02      0.883737190500E+00
      46     -0.766797279306E+02      0.350259666616E+02      0.194157659310E+01
      47     -0.768051917137E+02      0.354397593423E+02      0.697272407800E+00
      48     -0.768130862355E+02      0.353939057150E+02      0.143562878830E+01
      49     -0.764709073430E+02      0.355165127780E+02      0.998461474200E+00
      50     -0.764830708589E+02      0.355447621934E+02      0.155949147500E+01
      51     -0.766800737637E+02      0.351607030600E+02      0.124194341670E+01
      52     -0.766700631013E+02      0.351498544005E+02      0.108798295940E+01
      53     -0.766533367254E+02      0.351826056615E+02      0.111111061460E+01
      54     -0.766143237616E+02      0.349858028950E+02      0.937786193600E+00
      55     -0.766327954906E+02      0.350142443408E+02      0.576453717470E+01
      56     -0.766468643142E+02      0.350486200811E+02      0.639942668200E+00
      57     -0.767748743734E+02      0.353918428831E+02      0.336787182220E+01
      58     -0.767680592875E+02      0.354254122886E+02      0.672598211800E+00
      59     -0.767247832726E+02      0.353594038417E+02      0.121540045720E+01
      60     -0.767499349727E+02      0.353383952009E+02      0.139652727150E+01
      61     -0.765065033831E+02      0.355050388307E+02      0.100556785440E+01
      62     -0.765165639118E+02      0.355352061202E+02      0.701774961100E+00
      63     -0.766491869939E+02      0.351631594353E+02      0.190758465290E+01
      64     -0.766157857944E+02      0.351794507643E+02      0.103212467110E+01
      65     -0.765825781040E+02      0.349781265116E+02      0.209307491000E+01
      66     -0.765896381017E+02      0.350122327547E+02      0.561461017940E+01
      67     -0.766104845944E+02      0.350374894311E+02      0.601093955670E+01
      68     -0.766118337868E+02      0.350669373032E+02      0.642924581900E+00
      69     -0.767408292561E+02      0.353762866496E+02      0.139774002660E+01
      70     -0.767294797245E+02      0.354268134338E+02      0.105718676260E+01
      71     -0.767028222420E+02      0.353664781591E+02      0.737847688900E+00
      72     -0.767119454658E+02      0.353492782675E+02      0.113676364740E+01
      73     -0.765459839014E+02      0.355080782800E+02      0.647845532700E+00
      74     -0.765560797311E+02      0.355303058542E+02      0.190661574880E+01
      75     -0.765930185656E+02      0.355421115952E+02      0.126173370550E+01
      76     -0.766277713581E+02      0.355290091973E+02      0.227261829120E+01
      77     -0.766099220207E+02      0.351620054592E+02      0.100943061780E+01
      78     -0.765799457213E+02      0.351540607813E+02      0.236733252830E+01
      79     -0.765977316592E+02      0.351988083594E+02      0.175444269790E+01
      80     -0.765600450430E+02      0.350271340791E+02      0.633867529990E+01
      81     -0.765515327450E+02      0.349980849981E+02      0.597025181100E+00
      82     -0.765814397463E+02      0.350543259247E+02      0.556610833560E+01
      83     -0.765912979722E+02      0.350944851935E+02      0.229297753460E+01
      84     -0.766963413259E+02      0.353958942273E+02      0.469176467450E+01
      85     -0.766783476453E+02      0.353748850839E+02      0.456877961010E+01
      86     -0.766915861349E+02      0.354188012837E+02      0.749090159300E+00
      87     -0.766744525390E+02      0.353465989157E+02      0.640796540900E+00
      88     -0.765845647869E+02      0.355107950432E+02      0.135195391250E+01
      89     -0.766219440937E+02      0.354941341809E+02      0.628348434300E+00
      90     -0.765710651398E+02      0.351734656790E+02      0.849962142100E+00
      91     -0.765599146607E+02      0.351940816469E+02      0.142084927230E+01
      92     -0.765487768218E+02      0.350502204947E+02      0.692677925230E+01
      93     -0.765321309517E+02      0.350242017823E+02      0.585670148610E+01
      94     -0.765122822244E+02      0.350004540685E+02      0.168387903090E+01
      95     -0.765586010691E+02      0.350808448148E+02      0.497603239820E+01
      96     -0.765598967167E+02      0.351127644607E+02      0.138367768010E+01
      97     -0.766537221742E+02      0.353791679177E+02      0.525650361970E+01
      98     -0.766557649645E+02      0.354128417190E+02      0.156965801770E+01
      99     -0.766376951570E+02      0.353468924212E+02      0.148126341330E+01
     100     -0.765654449317E+02      0.354907886200E+02      0.789549572500E+00
     101     -0.765980963835E+02      0.354702684809E+02      0.167366759060E+01
     102     -0.765464590835E+02      0.351476676579E+02      0.565335829400E+00
     103     -0.765561068437E+02      0.352207991571E+02      0.144665031670E+01
     104     -0.765339181373E+02      0.351826649625E+02      0.704754103400E+00
     105     -0.764591852323E+02      0.349500777796E+02      0.162704160730E+01
     106     -0.764379799980E+02      0.349453780840E+02      0.159002597210E+01
     107     -0.765337770081E+02      0.350671770160E+02      0.673005217900E+01
     108     -0.765247181658E+02      0.350462584819E+02      0.689862494120E+01
     109     -0.765082622459E+02      0.350326381935E+02      0.586542890430E+01
     110     -0.764896711353E+02      0.350079910585E+02      0.878218903200E+00
     111     -0.765282986131E+02      0.350962375920E+02      0.588669526730E+01
     112     -0.765231501779E+02      0.351270877705E+02      0.592391943920E+01
     113     -0.766241218104E+02      0.353658334056E+02      0.498193884580E+01
     114     -0.766213501098E+02      0.353964301518E+02      0.153182771010E+01
     115     -0.766141765846E+02      0.353434920477E+02      0.189293745550E+01
     116     -0.766266289789E+02      0.353258172496E+02      0.999576617300E+00
     117     -0.765815421125E+02      0.354063272778E+02      0.131169629610E+01
     118     -0.765542794981E+02      0.354619276262E+02      0.704074950300E+00
     119     -0.765922134418E+02      0.354444603724E+02      0.353041097240E+01
     120     -0.765497198279E+02      0.352339208597E+02      0.921393978200E+00
     121     -0.765187950437E+02      0.351588974198E+02      0.511279483700E+01
     122     -0.765233885868E+02      0.352010721778E+02      0.929741301600E+00
     123     -0.765107997350E+02      0.351842625888E+02      0.139176655130E+01
     124     -0.763871211630E+02      0.349510771031E+02      0.203270544740E+01
     125     -0.764253108188E+02      0.349687147647E+02      0.160280408860E+01
     126     -0.764065221294E+02      0.349637860480E+02      0.157152604140E+01
     127     -0.764289880196E+02      0.349990292907E+02      0.197555998650E+01
     128     -0.765047103229E+02      0.350676970710E+02      0.657167235020E+01
     129     -0.764824113708E+02      0.350432551330E+02      0.775630938800E+00
     130     -0.764942303771E+02      0.351025152839E+02      0.635572873870E+01
     131     -0.764965767446E+02      0.351370970112E+02      0.554642346320E+01
     132     -0.765992104309E+02      0.353620048204E+02      0.503342368300E+01
     133     -0.765831955717E+02      0.353848775688E+02      0.183641398980E+01
     134     -0.765931810827E+02      0.353276691839E+02      0.699804121500E+00
     135     -0.765647446137E+02      0.353859904382E+02      0.303829967530E+01
     136     -0.765571789797E+02      0.354053734958E+02      0.481646636800E+01
     137     -0.765530011432E+02      0.354329400871E+02      0.310406797350E+01
     138     -0.765116275540E+02      0.352220573114E+02      0.158992349740E+01
     139     -0.764927028137E+02      0.351688196704E+02      0.553873322010E+01
     140     -0.764930823160E+02      0.351999865593E+02      0.357993825790E+01
     141     -0.763884931272E+02      0.349841087655E+02      0.285736248240E+01
     142     -0.764072320645E+02      0.350009589698E+02      0.269908148810E+01
     143     -0.763627632702E+02      0.349735675353E+02      0.178435815110E+01
     144     -0.763261170554E+02      0.349718454958E+02      0.136497408040E+01
     145     -0.764287210918E+02      0.350318226816E+02      0.134395208400E+01
     146     -0.764690561192E+02      0.350778063584E+02      0.166177647020E+01
     147     -0.764723027070E+02      0.351519549243E+02      0.558245022290E+01
     148     -0.764599631182E+02      0.351060271517E+02      0.486664968470E+01
     149     -0.764724528793E+02      0.351259849902E+02      0.634791321020E+01
     150     -0.764311572187E+02      0.350695755541E+02      0.116203741120E+01
     151     -0.765677361851E+02      0.353574357776E+02      0.529403786760E+01
     152     -0.765534390538E+02      0.353286095391E+02      0.136304171070E+01
     153     -0.765413392590E+02      0.353809407906E+02      0.523580142670E+01
     154     -0.765397861027E+02      0.354170765266E+02      0.196255423040E+01
     155     -0.764883695647E+02      0.352214676343E+02      0.143291481940E+01
     156     -0.764931289148E+02      0.352425749305E+02      0.144499710010E+01
     157     -0.764558191059E+02      0.351628109080E+02      0.583622559420E+01
     158     -0.764698003725E+02      0.351867015831E+02      0.468764497540E+01
     159     -0.764716150893E+02      0.352157202844E+02      0.334792819340E+01
     160     -0.763786348241E+02      0.350068051645E+02      0.435117280310E+01
     161     -0.763973383989E+02      0.350283230345E+02      0.431201338880E+01
     162     -0.763462300875E+02      0.350025518865E+02      0.206780063300E+01
     163     -0.764015401227E+02      0.350506666909E+02      0.198362558110E+01
     164     -0.764329354497E+02      0.350982093090E+02      0.423459698240E+01
     165     -0.764412776835E+02      0.351328179030E+02      0.663685983700E+01
     166     -0.764047628226E+02      0.350813132828E+02      0.242160457610E+01
     167     -0.765347423038E+02      0.353501931617E+02      0.532171078010E+01
     168     -0.765157588603E+02      0.353174182968E+02      0.128491922040E+01
     169     -0.764748707153E+02      0.352637812199E+02      0.922229432800E+00
     170     -0.765140663697E+02      0.353637997895E+02      0.563101039640E+01
     171     -0.765145799411E+02      0.353926468531E+02      0.268936884750E+01
     172     -0.764021340821E+02      0.354354167992E+02      0.153363152840E+01
     173     -0.764651793017E+02      0.352407004098E+02      0.257275936600E+01
     174     -0.764328352980E+02      0.351628999145E+02      0.614063146740E+01
     175     -0.764417318305E+02      0.351879779112E+02      0.504858804160E+01
     176     -0.764508625896E+02      0.352148409072E+02      0.118953417030E+01
     177     -0.763667697783E+02      0.350354827761E+02      0.989428277100E+00
     178     -0.763783680849E+02      0.350651564878E+02      0.434803658450E+01
     179     -0.764085165583E+02      0.351167067682E+02      0.674086508560E+01
     180     -0.764101687177E+02      0.351497463610E+02      0.646142675180E+01
     181     -0.763852289658E+02      0.350983063395E+02      0.552984244880E+01
     182     -0.763317952105E+02      0.350242065877E+02      0.130458131280E+01
     183     -0.761894900000E+02      0.349651400000E+02      0.555000007200E+00
     184     -0.762180207050E+02      0.349927195061E+02      0.567477246200E+00
     185     -0.762937572401E+02      0.350122044230E+02      0.149211899680E+01
     186     -0.762549231606E+02      0.350035628087E+02      0.135293305680E+01
     187     -0.763867768285E+02      0.351681913080E+02      0.403923733730E+01
     188     -0.765052528616E+02      0.353366903972E+02      0.430467974890E+01
     189     -0.764899523059E+02      0.353487515039E+02      0.599702995210E+01
     190     -0.764570388931E+02      0.352685875637E+02      0.353096065520E+01
     191     -0.764913792798E+02      0.353080426428E+02      0.636161316200E+00
     192     -0.764802416867E+02      0.352874138227E+02      0.129001039930E+01
     193     -0.764816322567E+02      0.353720162960E+02      0.171143589640E+01
     194     -0.764796894100E+02      0.353948928812E+02      0.850393837800E+00
     195     -0.764670019390E+02      0.353573591546E+02      0.520406868490E+01
     196     -0.763954925721E+02      0.354013298363E+02      0.183138902810E+01
     197     -0.764261885502E+02      0.354129429423E+02      0.161482263390E+01
     198     -0.763705889991E+02      0.353786306056E+02      0.146889399750E+01
     199     -0.764385801607E+02      0.352426754155E+02      0.432645533750E+01
     200     -0.764372248888E+02      0.352708078376E+02      0.560188910700E+01
     201     -0.764093323335E+02      0.351870752525E+02      0.235439412060E+01
     202     -0.764237427493E+02      0.352137323776E+02      0.345679217930E+01
     203     -0.764135073205E+02      0.352372214483E+02      0.567407337560E+01
     204     -0.763462158371E+02      0.350585305315E+02      0.551007942360E+01
     205     -0.763637314991E+02      0.350840786883E+02      0.576106665670E+01
     206     -0.763810481870E+02      0.351320588686E+02      0.692052063620E+01
     207     -0.763626533699E+02      0.351059758888E+02      0.665283005450E+01
     208     -0.763123348530E+02      0.350516294262E+02      0.657827324490E+01
     209     -0.761602002092E+02      0.349884712372E+02      0.555000007200E+00
     210     -0.761832880663E+02      0.350070931931E+02      0.105792347780E+01
     211     -0.762118441228E+02      0.350217581561E+02      0.434202619210E+01
     212     -0.762748698070E+02      0.350439323444E+02      0.666843401630E+01
     213     -0.762393873152E+02      0.350347728252E+02      0.567883607920E+01
     214     -0.763593849205E+02      0.351538491311E+02      0.495533707850E+01
     215     -0.763798216008E+02      0.351976135628E+02      0.375572241330E+01
     216     -0.763610889674E+02      0.351855454628E+02      0.377082149030E+01
     217     -0.764718032518E+02      0.353277123294E+02      0.458249741080E+01
     218     -0.764577540943E+02      0.352981970570E+02      0.353976797060E+01
     219     -0.764475464729E+02      0.353903706165E+02      0.141533892430E+01
     220     -0.764481992821E+02      0.353501548934E+02      0.582382127720E+01
     221     -0.763997419516E+02      0.353738644328E+02      0.200733301340E+01
     222     -0.764243680198E+02      0.352866797162E+02      0.564565457700E+01
     223     -0.764157080645E+02      0.352601181427E+02      0.573372524110E+01
     224     -0.763904772920E+02      0.352213878022E+02      0.579659180860E+01
     225     -0.763929173725E+02      0.352487555754E+02      0.603726537750E+01
     226     -0.763325498283E+02      0.350883951519E+02      0.673927481310E+01
     227     -0.763441013839E+02      0.351217609602E+02      0.694093627170E+01
     228     -0.762979528363E+02      0.350805089106E+02      0.689683859940E+01
     229     -0.763271365133E+02      0.351451904339E+02      0.484030146350E+01
     230     -0.761354756563E+02      0.350089651502E+02      0.555473866400E+00
     231     -0.761146534955E+02      0.350269662268E+02      0.555000007200E+00
     232     -0.761543800189E+02      0.350267519559E+02      0.166971070650E+01
     234     -0.762665107245E+02      0.350761976722E+02      0.642614006600E+01
     235     -0.761779729717E+02      0.350424750915E+02      0.273345993650E+01
     236     -0.762070754324E+02      0.350527929115E+02      0.434778863990E+01
     237     -0.762384878087E+02      0.350634632074E+02      0.597162898110E+01
     241     -0.763331434855E+02      0.351751579147E+02      0.485259218970E+01
     242     -0.763587725270E+02      0.352181043688E+02      0.617170012560E+01
     243     -0.763379116194E+02      0.352018147424E+02      0.540772794720E+01
     244     -0.764341683134E+02      0.353217173910E+02      0.601193618540E+01
     245     -0.764219739024E+02      0.353579962362E+02      0.274145664690E+01
     246     -0.764049996070E+02      0.353017594580E+02      0.512140920700E+01
     247     -0.763888378861E+02      0.352741332350E+02      0.521418708110E+01
     248     -0.763626542698E+02      0.352475488186E+02      0.580589542610E+01
     249     -0.763072050839E+02      0.351145999145E+02      0.666996218970E+01
     250     -0.762718011205E+02      0.351051477517E+02      0.665621138920E+01
     251     -0.763008009595E+02      0.351716800030E+02      0.588603372010E+01
     252     -0.762961124309E+02      0.351439476742E+02      0.441664750100E+01
     258     -0.761281672136E+02      0.350431679114E+02      0.123477581690E+01
     259     -0.761509025065E+02      0.350592856032E+02      0.342465387690E+01
     261     -0.762388153205E+02      0.350952410489E+02      0.635854449970E+01
     262     -0.761784463355E+02      0.350733320720E+02      0.337329200230E+01
     263     -0.762082734249E+02      0.350840692723E+02      0.573384998440E+01
     267     -0.763087211385E+02      0.352017188867E+02      0.608936468000E+01
     268     -0.763262053936E+02      0.352310095316E+02      0.627742917940E+01
     269     -0.763953387527E+02      0.353307589760E+02      0.274610775280E+01
     270     -0.763755920303E+02      0.353044162885E+02      0.300731777650E+01
     271     -0.763560405444E+02      0.352794162990E+02      0.346976778320E+01
     272     -0.763328107434E+02      0.352600965057E+02      0.462246332300E+01
     273     -0.762372795760E+02      0.351252320673E+02      0.614903072720E+01
     274     -0.762679291021E+02      0.351344044507E+02      0.591927753950E+01
     275     -0.762765220375E+02      0.352000887214E+02      0.601322012860E+01
     276     -0.762678116101E+02      0.351664170908E+02      0.584009032860E+01
     282     -0.761511978364E+02      0.350873486529E+02      0.337879027610E+01
     284     -0.762064103328E+02      0.351143582712E+02      0.611721132810E+01
     285     -0.761777565036E+02      0.351032115678E+02      0.504097843090E+01
     286     -0.762054052235E+02      0.351430274811E+02      0.616329165510E+01
     290     -0.762903885384E+02      0.352308921270E+02      0.602710487080E+01
     291     -0.763024589846E+02      0.352603056356E+02      0.354704928820E+01
     292     -0.763564074415E+02      0.353368008281E+02      0.234820646810E+01
     293     -0.763441032917E+02      0.353108922220E+02      0.290949982780E+01
     294     -0.763232965013E+02      0.352887916401E+02      0.341505034750E+01
     295     -0.763489995361E+02      0.353627496109E+02      0.166176438340E+01
     296     -0.763420247630E+02      0.353951541039E+02      0.155888869870E+01
     297     -0.762573815275E+02      0.352294471497E+02      0.490192743170E+01
     298     -0.762336752535E+02      0.351599880325E+02      0.581360498210E+01
     299     -0.762442062736E+02      0.351963491909E+02      0.590780386420E+01
     306     -0.761994506563E+02      0.351720865765E+02      0.603722436500E+01
     307     -0.761745606694E+02      0.351349311986E+02      0.483758866470E+01
     308     -0.761779849057E+02      0.351641142755E+02      0.611473290530E+01
     313     -0.762696416249E+02      0.352600757505E+02      0.471004016540E+01
     314     -0.762906700867E+02      0.352898808925E+02      0.466037746500E+01
     315     -0.763284246223E+02      0.353407572443E+02      0.267777121390E+01
     316     -0.763113235267E+02      0.353181525496E+02      0.356850392110E+01
     317     -0.763230980191E+02      0.353700602827E+02      0.157928737080E+01
     318     -0.762371300371E+02      0.352570160326E+02      0.526587240830E+01
     319     -0.762247837984E+02      0.352271784732E+02      0.392077732060E+01
     320     -0.762116983880E+02      0.351969184829E+02      0.571642216010E+01
     333     -0.762551002477E+02      0.352897585574E+02      0.309364437190E+01
     334     -0.762783589584E+02      0.353177306552E+02      0.147710354770E+01
     335     -0.762916116568E+02      0.353474992257E+02      0.161203471740E+01
     353     -0.762460704219E+02      0.353193602944E+02      0.276657993410E+01
     354     -0.762548117965E+02      0.353444524666E+02      0.200016810100E+01
       1       3       1       2       3
       2       3       2       4       3
       3       3       3       4       5
       4       3       4       6       5
       5       3       7       5       6
       6       3       6       8       7
       7       3       7       9      10
       8       3       7       8       9
       9       3       8      11       9
      10       3      12       9      11
      11       3      10       9      12
      12       3      12      13      10
      13       3      11      15      12
      14       3      15      11      14
      15       3      16      12      15
      16       3      13      12      16
      17       3      15      14      17
      18       3      15      18      16
      19       3      15      17      18
      20       3      17      22      18
      21       3      22      17      19
      22       3      19      23      22
      23       3      24      20      21
      24       3      25      24      21
      25       3      26      22      23
      26       3      26      23      27
      27       3      25      28      24
      28       3      28      25      29
      29       3      27      31      26
      30       3      31      27      30
      31       3      29      32      28
      32       3      33      32      29
      33       3      31      30      34
      34       3      31      34      35
      35       3      36      32      33
      36       3      36      33      37
      37       3      35      34      38
      38       3      35      38      39
      39       3      37      40      36
      40       3      40      37      42
      41       3      39      38      45
      42       3      46      39      45
      43       3      41      40      47
      44       3      40      42      47
      45       3      42      48      47
      46       3      50      49      43
      47       3      52      51      44
      48       3      45      55      46
      49       3      55      45      54
      50       3      46      55      56
      51       3      47      48      58
      52       3      58      48      57
      53       3      50      61      49
      54       3      62      61      50
      55       3      53      51      63
      56       3      51      52      63
      57       3      53      63      64
      58       3      65      66      54
      59       3      55      54      66
      60       3      67      55      66
      61       3      55      67      56
      62       3      56      67      68
      63       3      58      57      69
      64       3      70      58      69
      65       3      59      72      71
      66       3      59      60      72
      67       3      62      73      61
      68       3      62      74      73
      69       3      63      77      64
      70       3      77      79      64
      71       3      65      81      66
      72       3      66      82      67
      73       3      66      81      80
      74       3      66      80      82
      75       3      68      67      82
      76       3      68      82      83
      77       3      69      71      84
      78       3      70      69      84
      79       3      86      70      84
      80       3      71      87      85
      81       3      85      84      71
      82       3      71      72      87
      83       3      88      73      74
      84       3      75      88      74
      85       3      88      75      76
      86       3      76      89      88
      87       3      77      90      79
      88       3      77      78      90
      89       3      91      79      90
      90       3      92      80      93
      91       3      92      82      80
      92       3      80      81      93
      93       3      93      81      94
      94       3      95      83      82
      95       3      82      92      95
      96       3      83      95      96
      97       3      84      85      98
      98       3      84      98      86
      99       3      98      85      97
     100       3      87      97      85
     101       3      99      97      87
     102       3      88     101     100
     103       3      88      89     101
     104       3     104      91      90
     105       3      90     102     104
     106       3      92     107      95
     107       3      92     108     107
     108       3      92      93     108
     109       3      94     109      93
     110       3     109     108      93
     111       3     110     109      94
     112       3      96      95     111
     113       3      95     107     111
     114       3      96     112     102
     115       3      96     111     112
     116       3     113      97      99
     117       3      97     114      98
     118       3     113     114      97
     119       3      99     115     113
     120       3      99     116     115
     121       3     101     118     100
     122       3     101     119     118
     123       3     104     102     121
     124       3     102     112     121
     125       3     103     122     120
     126       3     123     104     121
     127       3     104     123     122
     128       3     105     106     125
     129       3     125     106     126
     130       3     128     111     107
     131       3     128     107     108
     132       3     108     109     128
     133       3     129     109     110
     134       3     109     129     128
     135       3     112     111     130
     136       3     130     111     128
     137       3     121     112     131
     138       3     131     112     130
     139       3     113     115     132
     140       3     113     132     114
     141       3     132     133     114
     142       3     134     115     116
     143       3     115     134     132
     144       3     136     117     135
     145       3     117     136     137
     146       3     133     135     117
     147       3     117     137     119
     148       3     119     137     118
     149       3     122     138     120
     150       3     121     131     139
     151       3     139     123     121
     152       3     122     123     140
     153       3     122     140     138
     154       3     123     139     140
     155       3     126     124     141
     156       3     127     125     142
     157       3     142     125     126
     158       3     126     141     142
     159       3     145     127     142
     160       3     129     146     128
     161       3     130     128     146
     162       3     130     146     148
     163       3     148     149     130
     164       3     130     149     131
     165       3     147     131     149
     166       3     131     147     139
     167       3     132     134     151
     168       3     151     133     132
     169       3     151     135     133
     170       3     152     151     134
     171       3     135     153     136
     172       3     135     151     153
     173       3     136     153     154
     174       3     154     137     136
     175       3     140     155     138
     176       3     147     158     139
     177       3     158     140     139
     178       3     158     159     140
     179       3     155     140     159
     180       3     160     141     143
     181       3     141     160     142
     182       3     161     145     142
     183       3     142     160     161
     184       3     144     162     143
     185       3     160     143     162
     186       3     145     163     150
     187       3     163     145     161
     188       3     146     164     148
     189       3     164     146     150
     190       3     147     165     157
     191       3     158     147     157
     192       3     149     165     147
     193       3     164     165     148
     194       3     149     148     165
     195       3     150     166     164
     196       3     163     166     150
     197       3     151     167     153
     198       3     152     167     151
     199       3     152     168     167
     200       3     154     153     171
     201       3     171     153     170
     202       3     167     170     153
     203       3     173     155     159
     204       3     173     156     155
     205       3     156     173     169
     206       3     158     157     175
     207       3     165     174     157
     208       3     174     175     157
     209       3     176     158     175
     210       3     159     158     176
     211       3     159     176     173
     212       3     160     177     161
     213       3     160     162     177
     214       3     163     161     177
     215       3     178     163     177
     216       3     166     163     178
     217       3     179     164     166
     218       3     179     165     164
     219       3     179     180     165
     220       3     174     165     180
     221       3     166     181     179
     222       3     166     178     181
     223       3     167     168     188
     224       3     170     167     188
     225       3     168     191     188
     226       3     192     169     190
     227       3     190     169     173
     228       3     170     193     171
     229       3     193     170     189
     230       3     188     189     170
     231       3     197     196     172
     232       3     173     176     199
     233       3     190     173     199
     234       3     174     180     201
     235       3     174     201     175
     236       3     175     201     202
     237       3     202     176     175
     238       3     199     176     202
     239       3     182     204     177
     240       3     177     204     178
     241       3     181     178     205
     242       3     178     204     205
     243       3     180     179     206
     244       3     206     179     181
     245       3     187     201     180
     246       3     187     180     206
     247       3     206     181     207
     248       3     205     207     181
     249       3     208     204     182
     250       3     208     182     185
     251       3     210     184     183
     252       3     210     183     209
     253       3     210     211     184
     254       3     186     184     211
     255       3     208     185     212
     256       3     212     185     186
     257       3     186     213     212
     258       3     213     186     211
     259       3     201     187     215
     260       3     215     187     216
     261       3     214     187     206
     262       3     214     216     187
     263       3     217     189     188
     264       3     217     188     191
     265       3     193     189     195
     266       3     217     195     189
     267       3     218     192     190
     268       3     218     190     200
     269       3     199     200     190
     270       3     218     217     191
     271       3     191     192     218
     272       3     219     194     193
     273       3     193     195     219
     274       3     195     220     219
     275       3     195     217     220
     276       3     221     196     197
     277       3     196     221     198
     278       3     197     219     221
     279       3     203     223     199
     280       3     199     202     203
     281       3     223     200     199
     282       3     218     200     222
     283       3     223     222     200
     284       3     202     201     224
     285       3     215     224     201
     286       3     202     224     203
     287       3     223     203     225
     288       3     203     224     225
     289       3     205     204     226
     290       3     226     204     208
     291       3     226     207     205
     292       3     227     206     207
     293       3     227     214     206
     294       3     227     207     226
     295       3     226     208     228
     296       3     228     208     212
     297       3     232     209     230
     298       3     210     209     232
     299       3     210     232     235
     300       3     235     211     210
     301       3     236     211     235
     302       3     211     236     213
     303       3     212     237     234
     304       3     234     228     212
     305       3     237     212     213
     306       3     237     213     236
     307       3     229     241     214
     308       3     229     214     227
     309       3     241     216     214
     310       3     242     215     216
     311       3     242     224     215
     312       3     243     242     216
     313       3     243     216     241
     314       3     220     217     244
     315       3     218     244     217
     316       3     218     222     244
     317       3     245     219     220
     318       3     219     245     221
     319       3     220     244     245
     320       3     244     222     246
     321       3     246     222     247
     322       3     222     223     247
     323       3     225     247     223
     324       3     248     225     224
     325       3     248     224     242
     326       3     225     248     247
     327       3     249     226     228
     328       3     227     226     249
     329       3     229     227     249
     330       3     228     250     249
     331       3     228     234     250
     332       3     251     241     229
     333       3     229     249     252
     334       3     251     229     252
     335       3     231     258     230
     336       3     258     232     230
     337       3     232     258     259
     338       3     235     232     259
     339       3     237     261     234
     340       3     234     261     250
     341       3     259     262     235
     342       3     236     235     262
     343       3     263     236     262
     344       3     237     236     263
     345       3     237     263     261
     346       3     251     267     241
     347       3     267     243     241
     348       3     248     242     268
     349       3     242     243     268
     350       3     243     267     268
     351       3     269     245     244
     352       3     244     246     269
     353       3     270     246     247
     354       3     269     246     270
     355       3     270     247     271
     356       3     247     248     271
     357       3     271     248     272
     358       3     268     272     248
     359       3     274     252     249
     360       3     274     249     250
     361       3     250     273     274
     362       3     250     261     273
     363       3     267     251     275
     364       3     251     276     275
     365       3     252     276     251
     366       3     252     274     276
     367       3     262     259     282
     368       3     261     284     273
     369       3     261     263     284
     370       3     262     282     285
     371       3     263     262     285
     372       3     284     263     285
     373       3     290     267     275
     374       3     268     267     290
     375       3     268     290     291
     376       3     291     272     268
     377       3     269     270     292
     378       3     293     292     270
     379       3     293     270     271
     380       3     294     293     271
     381       3     294     271     272
     382       3     291     294     272
     383       3     286     298     273
     384       3     273     284     286
     385       3     298     274     273
     386       3     298     276     274
     387       3     276     299     275
     388       3     299     297     275
     389       3     290     275     297
     390       3     299     276     298
     391       3     307     286     284
     392       3     284     285     307
     393       3     306     286     308
     394       3     307     308     286
     395       3     286     306     298
     396       3     297     313     290
     397       3     313     291     290
     398       3     294     291     314
     399       3     313     314     291
     400       3     295     292     315
     401       3     293     315     292
     402       3     316     315     293
     403       3     316     293     294
     404       3     316     294     314
     405       3     315     317     295
     406       3     296     295     317
     407       3     318     297     319
     408       3     313     297     318
     409       3     299     319     297
     410       3     298     320     299
     411       3     320     298     306
     412       3     299     320     319
     413       3     333     314     313
     414       3     333     313     318
     415       3     316     314     334
     416       3     334     314     333
     417       3     315     316     335
     418       3     317     315     335
     419       3     316     334     335
     420       3     353     334     333
     421       3     354     335     334
     422       3     334     353     354
 0 = Number of open boundaries                                                  
 0 = Total number of open boundary nodes                                        
 1 = Number of land boundaries                                                  
 150 = Total number of land boundary nodes                                      
     150       0       1  Number of nodes for land boundary 1                   
     354
     335
     317
     296
     295
     292
     269
     245
     221
     198
     196
     172
     197
     219
     194
     193
     171
     154
     137
     118
     100
      88
      73
      61
      49
      43
      50
      62
      74
      75
      76
      89
     101
     119
     117
     133
     114
      98
      86
      70
      58
      47
      41
      40
      36
      32
      28
      24
      20
      21
      25
      29
      33
      37
      42
      48
      57
      69
      71
      59
      60
      72
      87
      99
     116
     134
     152
     168
     191
     192
     169
     156
     155
     138
     120
     103
     122
     104
      91
      79
      64
      53
      51
      44
      52
      63
      77
      78
      90
     102
      96
      83
      68
      56
      46
      39
      35
      31
      26
      22
      18
      16
      13
      10
       7
       5
       3
       1
       2
       4
       6
       8
      11
      14
      17
      19
      23
      27
      30
      34
      38
      45
      54
      65
      81
      94
     110
     129
     146
     150
     145
     127
     125
     105
     106
     126
     124
     141
     143
     144
     162
     177
     182
     185
     186
     184
     183
     209
     230
     231
