Albemarle-Pamlico Estuarine System (APES)                                       
     486     283
     230     -0.761354756563E+02      0.350089651502E+02      0.555473866400E+00
     231     -0.761146534955E+02      0.350269662268E+02      0.555000007200E+00
     232     -0.761543800189E+02      0.350267519559E+02      0.166971070650E+01
     233     -0.760969247656E+02      0.350425211553E+02      0.697214299000E+00
     235     -0.761779729717E+02      0.350424750915E+02      0.273345993650E+01
     238     -0.760161300000E+02      0.350656600000E+02      0.631500005720E+01
     239     -0.760257847824E+02      0.350591483425E+02      0.266727305410E+01
     240     -0.760367900000E+02      0.350607000000E+02      0.119700002670E+01
     253     -0.760421551621E+02      0.350674056546E+02      0.301618950800E+01
     254     -0.760845437398E+02      0.350583846064E+02      0.723000275300E+00
     255     -0.760524085069E+02      0.350710533487E+02      0.753079309700E+00
     256     -0.760748873519E+02      0.350727729167E+02      0.179743625090E+01
     257     -0.760643474782E+02      0.350746393881E+02      0.736837712100E+00
     258     -0.761281672136E+02      0.350431679114E+02      0.123477581690E+01
     259     -0.761509025065E+02      0.350592856032E+02      0.342465387690E+01
     260     -0.761072872499E+02      0.350610252306E+02      0.151775976870E+01
     262     -0.761784463355E+02      0.350733320720E+02      0.337329200230E+01
     263     -0.762082734249E+02      0.350840692723E+02      0.573384998440E+01
     264     -0.760097004843E+02      0.350721100865E+02      0.284292576680E+01
     265     -0.760230703001E+02      0.350725000008E+02      0.586143400660E+01
     266     -0.760339696414E+02      0.350710568693E+02      0.157489772180E+01
     277     -0.760446277121E+02      0.350789791321E+02      0.891951336300E+00
     278     -0.760908079283E+02      0.350747786433E+02      0.113696532460E+01
     279     -0.760585261848E+02      0.350835364870E+02      0.155359209310E+01
     280     -0.760746123723E+02      0.350836783568E+02      0.134161667910E+01
     281     -0.761268035010E+02      0.350725690673E+02      0.168216379420E+01
     282     -0.761511978364E+02      0.350873486529E+02      0.337879027610E+01
     283     -0.761054457779E+02      0.350851720638E+02      0.118896802830E+01
     284     -0.762064103328E+02      0.351143582712E+02      0.611721132810E+01
     285     -0.761777565036E+02      0.351032115678E+02      0.504097843090E+01
     286     -0.762054052235E+02      0.351430274811E+02      0.616329165510E+01
     287     -0.760020165935E+02      0.350801223705E+02      0.150601429410E+01
     288     -0.760155954657E+02      0.350825831497E+02      0.712573596200E+00
     289     -0.760312839613E+02      0.350847748506E+02      0.221732678320E+01
     297     -0.762573815275E+02      0.352294471497E+02      0.490192743170E+01
     298     -0.762336752535E+02      0.351599880325E+02      0.581360498210E+01
     299     -0.762442062736E+02      0.351963491909E+02      0.590780386420E+01
     300     -0.760470082640E+02      0.350925475020E+02      0.120213983440E+01
     301     -0.760850227369E+02      0.350941837680E+02      0.106667501620E+01
     302     -0.760649907916E+02      0.350966370738E+02      0.903139198500E+00
     303     -0.761257285273E+02      0.350983919776E+02      0.282693606740E+01
     304     -0.761493453103E+02      0.351146466506E+02      0.286107251270E+01
     305     -0.761014523381E+02      0.351074967800E+02      0.143542438460E+01
     306     -0.761994506563E+02      0.351720865765E+02      0.603722436500E+01
     307     -0.761745606694E+02      0.351349311986E+02      0.483758866470E+01
     308     -0.761779849057E+02      0.351641142755E+02      0.611473290530E+01
     309     -0.759930374863E+02      0.350902183743E+02      0.663863268800E+00
     310     -0.760048500400E+02      0.350934413709E+02      0.838582987500E+00
     311     -0.760191239932E+02      0.350968842255E+02      0.662241666600E+00
     312     -0.760347912273E+02      0.351034969020E+02      0.216310834080E+01
     313     -0.762696416249E+02      0.352600757505E+02      0.471004016540E+01
     314     -0.762906700867E+02      0.352898808925E+02      0.466037746500E+01
     318     -0.762371300371E+02      0.352570160326E+02      0.526587240830E+01
     319     -0.762247837984E+02      0.352271784732E+02      0.392077732060E+01
     320     -0.762116983880E+02      0.351969184829E+02      0.571642216010E+01
     321     -0.760547489044E+02      0.351107122196E+02      0.127091606060E+01
     322     -0.760777964877E+02      0.351123112064E+02      0.778543708200E+00
     323     -0.761213616571E+02      0.351234971680E+02      0.403430840190E+01
     324     -0.761433521373E+02      0.351388549961E+02      0.191137868740E+01
     325     -0.760955108486E+02      0.351292280920E+02      0.159266783430E+01
     326     -0.761782194145E+02      0.351978790979E+02      0.575781137130E+01
     327     -0.761579950649E+02      0.351807740657E+02      0.664778862430E+01
     328     -0.761486640380E+02      0.351608682308E+02      0.267193694020E+01
     329     -0.759896478242E+02      0.351010752873E+02      0.636649674700E+00
     330     -0.760030395422E+02      0.351089191283E+02      0.928854538800E+00
     331     -0.760179489217E+02      0.351158582199E+02      0.163918272940E+01
     332     -0.760380822200E+02      0.351252764501E+02      0.889625351700E+00
     333     -0.762551002477E+02      0.352897585574E+02      0.309364437190E+01
     334     -0.762783589584E+02      0.353177306552E+02      0.147710354770E+01
     335     -0.762916116568E+02      0.353474992257E+02      0.161203471740E+01
     336     -0.762231115729E+02      0.352798272473E+02      0.507147500160E+01
     337     -0.762033155259E+02      0.352542506356E+02      0.514669049470E+01
     338     -0.761923844081E+02      0.352264802069E+02      0.459941745760E+01
     339     -0.760674485121E+02      0.351325674407E+02      0.194131423800E+01
     340     -0.761164639493E+02      0.351498465943E+02      0.107032749610E+01
     341     -0.760877396094E+02      0.351497065851E+02      0.320321280680E+01
     342     -0.761633817768E+02      0.352253861554E+02      0.603629202470E+01
     343     -0.761457665148E+02      0.352050875284E+02      0.629337233670E+01
     344     -0.761308910083E+02      0.351847100783E+02      0.503902390840E+01
     345     -0.761189161967E+02      0.351708289658E+02      0.421747945070E+01
     346     -0.759863838282E+02      0.351182973599E+02      0.767578138300E+00
     347     -0.759986333792E+02      0.351284604736E+02      0.965126320700E+00
     348     -0.760137998122E+02      0.351374151760E+02      0.162485840140E+01
     349     -0.760292898874E+02      0.351474868623E+02      0.287000981880E+01
     350     -0.760497909522E+02      0.351460809938E+02      0.345459425400E+01
     351     -0.759645865069E+02      0.351188738321E+02      0.617646516900E+00
     352     -0.762204853400E+02      0.353054058369E+02      0.431797780610E+01
     353     -0.762460704219E+02      0.353193602944E+02      0.276657993410E+01
     354     -0.762548117965E+02      0.353444524666E+02      0.200016810100E+01
     355     -0.762408209870E+02      0.353613979559E+02      0.176355739540E+01
     356     -0.757710000000E+02      0.351877000000E+02      0.190199995040E+01
     357     -0.757798324037E+02      0.351919636175E+02      0.985788502600E+00
     358     -0.757845874597E+02      0.351901502858E+02      0.556135851300E+00
     359     -0.761925254336E+02      0.352813047975E+02      0.386600419200E+01
     360     -0.761672655645E+02      0.352539931533E+02      0.463940947620E+01
     361     -0.760666790032E+02      0.351649015496E+02      0.471063990890E+01
     362     -0.760928158240E+02      0.351713855462E+02      0.386165930650E+01
     363     -0.761351885057E+02      0.352342787017E+02      0.569674658060E+01
     364     -0.761155645299E+02      0.352116982314E+02      0.566168211940E+01
     365     -0.761015486975E+02      0.351915891118E+02      0.458873779730E+01
     366     -0.759775110889E+02      0.351379060234E+02      0.110843620500E+01
     367     -0.759932387710E+02      0.351519481007E+02      0.205840693870E+01
     368     -0.760119608603E+02      0.351633707590E+02      0.408394688700E+01
     369     -0.760385700116E+02      0.351676837204E+02      0.504023788730E+01
     370     -0.759410597559E+02      0.351239811925E+02      0.564897542700E+00
     371     -0.759550350660E+02      0.351467450987E+02      0.155134360650E+01
     372     -0.759077100000E+02      0.351386100000E+02      0.555000007200E+00
     373     -0.757944221649E+02      0.351816113941E+02      0.555000007200E+00
     374     -0.758101042497E+02      0.351786037670E+02      0.555000007200E+00
     375     -0.758222442458E+02      0.351731702736E+02      0.570313417500E+00
     376     -0.758716754370E+02      0.351541068899E+02      0.555019065700E+00
     377     -0.758423623541E+02      0.351656152220E+02      0.555951554200E+00
     378     -0.761872756002E+02      0.353114843109E+02      0.399467244910E+01
     379     -0.762118978978E+02      0.353378423011E+02      0.226014124040E+01
     380     -0.757598552006E+02      0.351902925586E+02      0.101467908910E+01
     381     -0.757490200000E+02      0.351939600000E+02      0.628000021000E+00
     382     -0.757402333655E+02      0.351990685680E+02      0.839540959600E+00
     383     -0.757302959983E+02      0.352046222864E+02      0.100265185100E+01
     384     -0.757191964800E+02      0.352024022766E+02      0.573186972900E+00
     385     -0.757707311741E+02      0.351986381171E+02      0.798414841700E+00
     386     -0.757823971753E+02      0.351974746579E+02      0.282954202490E+01
     387     -0.757939922171E+02      0.351956362688E+02      0.582972929900E+00
     388     -0.761610713666E+02      0.352837575858E+02      0.337575650380E+01
     389     -0.761329702009E+02      0.352624215420E+02      0.375378115420E+01
     390     -0.760494823805E+02      0.351909722869E+02      0.596443380080E+01
     391     -0.760741419157E+02      0.351949777888E+02      0.416991320640E+01
     392     -0.761046027691E+02      0.352418614264E+02      0.434437116900E+01
     393     -0.760857967687E+02      0.352202354627E+02      0.414570655910E+01
     394     -0.759709690050E+02      0.351649410342E+02      0.434302206370E+01
     395     -0.759907482499E+02      0.351794027922E+02      0.555637426640E+01
     396     -0.760188970798E+02      0.351865114339E+02      0.613621089250E+01
     397     -0.760292667782E+02      0.352108533806E+02      0.659448012180E+01
     398     -0.759306313085E+02      0.351593213792E+02      0.323253219380E+01
     399     -0.759483067261E+02      0.351795797130E+02      0.440667988310E+01
     400     -0.759033138547E+02      0.351720335169E+02      0.381541098890E+01
     401     -0.758093588694E+02      0.351923592902E+02      0.674209922100E+00
     402     -0.758787036158E+02      0.351837124565E+02      0.279159661610E+01
     403     -0.758299229433E+02      0.351875889522E+02      0.113988186650E+01
     404     -0.758543366632E+02      0.351839841678E+02      0.150221699090E+01
     405     -0.761565756987E+02      0.353111929592E+02      0.305239367990E+01
     406     -0.761740754274E+02      0.353458779855E+02      0.245705094030E+01
     407     -0.757576407575E+02      0.352027210854E+02      0.100985991820E+01
     408     -0.757445750162E+02      0.352083688755E+02      0.124791921250E+01
     409     -0.757321598052E+02      0.352140673267E+02      0.121377446280E+01
     410     -0.757166934026E+02      0.352140681127E+02      0.146202270180E+01
     411     -0.757034624552E+02      0.352086132699E+02      0.572017390300E+00
     412     -0.757681599764E+02      0.352103383431E+02      0.692613516400E+00
     413     -0.757831797573E+02      0.352082666750E+02      0.846947396600E+00
     414     -0.758016321007E+02      0.352072477390E+02      0.109741015900E+01
     415     -0.761292862960E+02      0.352904991586E+02      0.360970612740E+01
     416     -0.761015490402E+02      0.352712239997E+02      0.374011337280E+01
     417     -0.760564197492E+02      0.352264128881E+02      0.552392578730E+01
     418     -0.760741394037E+02      0.352519621269E+02      0.431751269610E+01
     419     -0.760304807488E+02      0.352395703126E+02      0.643576806890E+01
     420     -0.759681153582E+02      0.351959113163E+02      0.563780732900E+01
     421     -0.759966457991E+02      0.352046129718E+02      0.640522566160E+01
     422     -0.760053169457E+02      0.352284312619E+02      0.669321225310E+01
     423     -0.759236205674E+02      0.351935512590E+02      0.509334826260E+01
     424     -0.759440036951E+02      0.352110292105E+02      0.579668587100E+01
     425     -0.758967037292E+02      0.352036459209E+02      0.512793226730E+01
     426     -0.758212927484E+02      0.352066091145E+02      0.188230909220E+01
     427     -0.758692456080E+02      0.352077309069E+02      0.316867337570E+01
     428     -0.758436794077E+02      0.352070188269E+02      0.256002363910E+01
     429     -0.761260428869E+02      0.353186979301E+02      0.255176401620E+01
     430     -0.761467675833E+02      0.353305130721E+02      0.185389984100E+01
     431     -0.756958271240E+02      0.352243615938E+02      0.755518834800E+00
     432     -0.756799413592E+02      0.352298746971E+02      0.734804144200E+00
     434     -0.757245439062E+02      0.352228967717E+02      0.984647392400E+00
     435     -0.757554126318E+02      0.352174547673E+02      0.828744009400E+00
     436     -0.757398291906E+02      0.352247704199E+02      0.644762724800E+00
     437     -0.757101242039E+02      0.352279517511E+02      0.152412453680E+01
     438     -0.757729860814E+02      0.352253228738E+02      0.161142928060E+01
     439     -0.757912459686E+02      0.352206080048E+02      0.208809785710E+01
     440     -0.758098865417E+02      0.352238098142E+02      0.385691284920E+01
     441     -0.760988122458E+02      0.353006407379E+02      0.316566173220E+01
     442     -0.760713207141E+02      0.352824628647E+02      0.391437851980E+01
     443     -0.760430808423E+02      0.352646521278E+02      0.643407356860E+01
     444     -0.760094549381E+02      0.352585259223E+02      0.682668608380E+01
     445     -0.759715504843E+02      0.352248267671E+02      0.654587093260E+01
     446     -0.759853419065E+02      0.352474472194E+02      0.687912405390E+01
     447     -0.759172590403E+02      0.352225546338E+02      0.592677868930E+01
     448     -0.759425261068E+02      0.352387581125E+02      0.666508964310E+01
     449     -0.758874396148E+02      0.352307650751E+02      0.538856103420E+01
     450     -0.758320732231E+02      0.352265633713E+02      0.442786193300E+01
     451     -0.758572765656E+02      0.352294805940E+02      0.427504926430E+01
     452     -0.761000531603E+02      0.353314334815E+02      0.272688560630E+01
     453     -0.761301849016E+02      0.353557220716E+02      0.189564255240E+01
     454     -0.756954650638E+02      0.352395577424E+02      0.146312726880E+01
     455     -0.756788351961E+02      0.352465456548E+02      0.136298562220E+01
     458     -0.757241929782E+02      0.352369050179E+02      0.110409573490E+01
     459     -0.757552479698E+02      0.352344899277E+02      0.276055097890E+01
     460     -0.757390540812E+02      0.352422503490E+02      0.109338752080E+01
     461     -0.757090781119E+02      0.352486668583E+02      0.123852389060E+01
     462     -0.757721764008E+02      0.352457111558E+02      0.390793215730E+01
     463     -0.757915958669E+02      0.352378610666E+02      0.422355709440E+01
     464     -0.758137791213E+02      0.352441131910E+02      0.472447168670E+01
     465     -0.760695715821E+02      0.353140108214E+02      0.328836589110E+01
     466     -0.760439924528E+02      0.352973092751E+02      0.419587101740E+01
     467     -0.760154653922E+02      0.352855184444E+02      0.632891812370E+01
     468     -0.759846507699E+02      0.352775633249E+02      0.665101907180E+01
     469     -0.759613232242E+02      0.352597576522E+02      0.671996659070E+01
     470     -0.759149277668E+02      0.352482217077E+02      0.642359095150E+01
     471     -0.759348201539E+02      0.352700800746E+02      0.688723719330E+01
     472     -0.758893462199E+02      0.352553664279E+02      0.559658388640E+01
     473     -0.758642559421E+02      0.352522824831E+02      0.444934554330E+01
     474     -0.758382344859E+02      0.352490518693E+02      0.497394466940E+01
     475     -0.760698727805E+02      0.353450367233E+02      0.270414879150E+01
     476     -0.760935834821E+02      0.353616776866E+02      0.811349183800E+00
     477     -0.756902426227E+02      0.352592846899E+02      0.210725853570E+01
     484     -0.757261093550E+02      0.352566474023E+02      0.203928040030E+01
     485     -0.757505640781E+02      0.352576302399E+02      0.256428293860E+01
     486     -0.757716890881E+02      0.352656511328E+02      0.414568521340E+01
     487     -0.757074178388E+02      0.352699236965E+02      0.976354864500E+00
     488     -0.757950018986E+02      0.352615438438E+02      0.426309734730E+01
     489     -0.758213393513E+02      0.352675163336E+02      0.477338126510E+01
     490     -0.760390137239E+02      0.353312952600E+02      0.385358090670E+01
     491     -0.760189076012E+02      0.353133876799E+02      0.595421916250E+01
     492     -0.759915535928E+02      0.353072017708E+02      0.621713641070E+01
     493     -0.759585620286E+02      0.352966213188E+02      0.654984871370E+01
     494     -0.759049604589E+02      0.352750883829E+02      0.666458065460E+01
     495     -0.759250330743E+02      0.352968654409E+02      0.680866152720E+01
     496     -0.758752692436E+02      0.352770466141E+02      0.612069154760E+01
     497     -0.758480340213E+02      0.352739154560E+02      0.557745819400E+01
     498     -0.760467694546E+02      0.353604497125E+02      0.218538468670E+01
     499     -0.760635227135E+02      0.353837534285E+02      0.143100220360E+01
     500     -0.760593805355E+02      0.354134384752E+02      0.139262818530E+01
     508     -0.757321843381E+02      0.352754647173E+02      0.254120053160E+01
     509     -0.757558173510E+02      0.352818556272E+02      0.431387405440E+01
     510     -0.757822680620E+02      0.352852669773E+02      0.440632081540E+01
     511     -0.757114522258E+02      0.352907991194E+02      0.198477084800E+01
     512     -0.758083249175E+02      0.352880062654E+02      0.480970835300E+01
     513     -0.758346709928E+02      0.352940791123E+02      0.551697232680E+01
     514     -0.760224185207E+02      0.353586162094E+02      0.327451314120E+01
     515     -0.760016699681E+02      0.353401062499E+02      0.580303399890E+01
     516     -0.759714010257E+02      0.353299413441E+02      0.604567595800E+01
     517     -0.759411494808E+02      0.353234513737E+02      0.621719587490E+01
     518     -0.758935715314E+02      0.353002588263E+02      0.672106776180E+01
     519     -0.759132814885E+02      0.353184957949E+02      0.624580122100E+01
     520     -0.758642806542E+02      0.353035916591E+02      0.634821320220E+01
     521     -0.760342352620E+02      0.353874070486E+02      0.207059660210E+01
     522     -0.760303318529E+02      0.354112735752E+02      0.105155182590E+01
     531     -0.757367116642E+02      0.352991790099E+02      0.422407881330E+01
     532     -0.757637490388E+02      0.353047194545E+02      0.430538843760E+01
     533     -0.757924161765E+02      0.353082100271E+02      0.521754233700E+01
     535     -0.757976724903E+02      0.353298436435E+02      0.606179239710E+01
     536     -0.758193940930E+02      0.353179243548E+02      0.604068502160E+01
     537     -0.758429717119E+02      0.353205222051E+02      0.634547093380E+01
     538     -0.760025745851E+02      0.353763906316E+02      0.213611857690E+01
     539     -0.759774644041E+02      0.353635390637E+02      0.454347702630E+01
     540     -0.759498810439E+02      0.353532097451E+02      0.526375438570E+01
     541     -0.759195109702E+02      0.353456460285E+02      0.563280601790E+01
     542     -0.758886051268E+02      0.353325659350E+02      0.633319342430E+01
     543     -0.758598116852E+02      0.353336665678E+02      0.634600019450E+01
     544     -0.760077856155E+02      0.354018998000E+02      0.236080908880E+01
     545     -0.760115299568E+02      0.354226784033E+02      0.125094351580E+01
     556     -0.757726325399E+02      0.353281646409E+02      0.541857990760E+01
     558     -0.758092212517E+02      0.353443521525E+02      0.619021217380E+01
     560     -0.758340969309E+02      0.353499374700E+02      0.617321792810E+01
     561     -0.759800684976E+02      0.353973162095E+02      0.264167518440E+01
     562     -0.759549107438E+02      0.353864705520E+02      0.456751809100E+01
     563     -0.759275902926E+02      0.353757400315E+02      0.491021061850E+01
     564     -0.758973765171E+02      0.353665631908E+02      0.548978345670E+01
     565     -0.758672952756E+02      0.353590100288E+02      0.620251297190E+01
     566     -0.759884373833E+02      0.354239600064E+02      0.356733680070E+01
     567     -0.760088912820E+02      0.354485979823E+02      0.695156433400E+00
     582     -0.758080705264E+02      0.353723085998E+02      0.605316394020E+01
     584     -0.758438400944E+02      0.353782484564E+02      0.606077252260E+01
     585     -0.759591334067E+02      0.354206691477E+02      0.405022886250E+01
     586     -0.759328888674E+02      0.354098047706E+02      0.512328318440E+01
     587     -0.759053266718E+02      0.353982459360E+02      0.543200016020E+01
     588     -0.758749582971E+02      0.353891856882E+02      0.584358361590E+01
     589     -0.759732908374E+02      0.354494036972E+02      0.382885770730E+01
     590     -0.759888437639E+02      0.354806371470E+02      0.926359787500E+00
     605     -0.758228487690E+02      0.353974043264E+02      0.604099988940E+01
     608     -0.758511197381E+02      0.354098159766E+02      0.603959056460E+01
     609     -0.759388824220E+02      0.354455597616E+02      0.452499192050E+01
     610     -0.759108439861E+02      0.354333458779E+02      0.518210526320E+01
     611     -0.758825864879E+02      0.354207761675E+02      0.563868800680E+01
     612     -0.759531072013E+02      0.354756304038E+02      0.159121083850E+01
     630     -0.758213023415E+02      0.354276895318E+02      0.604099988940E+01
     633     -0.758575849711E+02      0.354399722351E+02      0.579016099170E+01
     634     -0.759160106704E+02      0.354696147744E+02      0.475322629910E+01
     635     -0.758869580943E+02      0.354557634557E+02      0.544530920370E+01
       1       3     231     258     230
       2       3     258     232     230
       3       3     258     231     233
       4       3     232     258     259
       5       3     235     232     259
       6       3     260     233     254
       7       3     258     233     260
       8       3     259     262     235
       9       3     265     238     264
      10       3     265     239     238
      11       3     239     265     266
      12       3     266     240     239
      13       3     266     253     240
      14       3     277     255     253
      15       3     266     277     253
      16       3     254     256     278
      17       3     278     260     254
      18       3     255     277     279
      19       3     279     257     255
      20       3     257     280     256
      21       3     280     278     256
      22       3     280     257     279
      23       3     281     259     258
      24       3     260     281     258
      25       3     281     282     259
      26       3     262     259     282
      27       3     278     283     260
      28       3     283     281     260
      29       3     262     282     285
      30       3     263     262     285
      31       3     284     263     285
      32       3     288     264     287
      33       3     288     265     264
      34       3     265     288     289
      35       3     289     266     265
      36       3     289     277     266
      37       3     300     279     277
      38       3     300     277     289
      39       3     278     280     301
      40       3     283     278     301
      41       3     279     300     302
      42       3     302     280     279
      43       3     301     280     302
      44       3     283     303     281
      45       3     281     303     282
      46       3     303     304     282
      47       3     285     282     304
      48       3     303     283     305
      49       3     283     301     305
      50       3     307     286     284
      51       3     284     285     307
      52       3     285     304     307
      53       3     306     286     308
      54       3     307     308     286
      55       3     286     306     298
      56       3     310     287     309
      57       3     310     288     287
      58       3     310     311     288
      59       3     311     289     288
      60       3     289     311     312
      61       3     300     289     312
      62       3     318     297     319
      63       3     313     297     318
      64       3     299     319     297
      65       3     298     320     299
      66       3     320     298     306
      67       3     299     320     319
      68       3     321     300     312
      69       3     300     321     302
      70       3     302     322     301
      71       3     322     305     301
      72       3     322     302     321
      73       3     323     303     305
      74       3     304     303     323
      75       3     323     324     304
      76       3     324     307     304
      77       3     305     325     323
      78       3     325     305     322
      79       3     326     306     308
      80       3     320     306     326
      81       3     324     328     307
      82       3     308     307     328
      83       3     308     327     326
      84       3     327     308     328
      85       3     309     329     310
      86       3     329     330     310
      87       3     310     330     311
      88       3     311     331     312
      89       3     331     311     330
      90       3     332     312     331
      91       3     332     321     312
      92       3     333     314     313
      93       3     333     313     318
      94       3     334     314     333
      95       3     336     333     318
      96       3     318     319     337
      97       3     337     336     318
      98       3     319     320     338
      99       3     319     338     337
     100       3     338     320     326
     101       3     321     332     339
     102       3     322     321     339
     103       3     322     339     325
     104       3     325     340     323
     105       3     324     323     340
     106       3     324     340     328
     107       3     339     341     325
     108       3     340     325     341
     109       3     326     327     343
     110       3     326     342     338
     111       3     342     326     343
     112       3     344     327     328
     113       3     344     343     327
     114       3     345     328     340
     115       3     344     328     345
     116       3     330     329     346
     117       3     347     330     346
     118       3     347     331     330
     119       3     348     332     331
     120       3     348     331     347
     121       3     349     332     348
     122       3     350     332     349
     123       3     350     339     332
     124       3     336     352     333
     125       3     333     352     353
     126       3     353     334     333
     127       3     354     335     334
     128       3     334     353     354
     129       3     359     336     337
     130       3     352     336     359
     131       3     359     337     360
     132       3     338     360     337
     133       3     360     338     342
     134       3     341     339     361
     135       3     339     350     361
     136       3     340     362     345
     137       3     362     340     341
     138       3     341     361     362
     139       3     363     342     343
     140       3     342     363     360
     141       3     343     344     364
     142       3     363     343     364
     143       3     344     365     364
     144       3     344     345     365
     145       3     365     345     362
     146       3     351     366     346
     147       3     346     366     347
     148       3     348     347     367
     149       3     367     347     366
     150       3     368     348     367
     151       3     368     349     348
     152       3     349     369     350
     153       3     369     349     368
     154       3     369     361     350
     155       3     371     366     351
     156       3     371     351     370
     157       3     352     379     353
     158       3     352     378     379
     159       3     352     359     378
     160       3     353     379     354
     161       3     354     379     355
     162       3     356     380     385
     163       3     385     357     356
     164       3     358     357     386
     165       3     357     385     386
     166       3     387     358     386
     167       3     387     373     358
     168       3     378     359     388
     169       3     359     360     388
     170       3     389     388     360
     171       3     389     360     363
     172       3     361     390     391
     173       3     390     361     369
     174       3     362     361     391
     175       3     391     365     362
     176       3     363     364     392
     177       3     389     363     392
     178       3     392     364     393
     179       3     365     393     364
     180       3     393     365     391
     181       3     371     394     366
     182       3     367     366     394
     183       3     367     394     395
     184       3     395     368     367
     185       3     395     396     368
     186       3     369     368     396
     187       3     390     369     396
     188       3     398     370     372
     189       3     371     370     398
     190       3     371     398     399
     191       3     394     371     399
     192       3     376     400     372
     193       3     400     398     372
     194       3     373     401     374
     195       3     387     401     373
     196       3     403     374     401
     197       3     374     403     375
     198       3     377     375     403
     199       3     376     402     400
     200       3     402     376     404
     201       3     404     376     377
     202       3     377     403     404
     203       3     406     379     378
     204       3     405     378     388
     205       3     406     378     405
     206       3     407     385     380
     207       3     407     380     381
     208       3     408     381     382
     209       3     407     381     408
     210       3     408     382     383
     211       3     409     408     383
     212       3     410     383     384
     213       3     410     409     383
     214       3     407     412     385
     215       3     385     412     413
     216       3     413     386     385
     217       3     413     387     386
     218       3     387     413     414
     219       3     414     401     387
     220       3     388     389     415
     221       3     405     388     415
     222       3     389     416     415
     223       3     392     416     389
     224       3     417     390     397
     225       3     396     397     390
     226       3     417     391     390
     227       3     417     393     391
     228       3     392     393     418
     229       3     418     416     392
     230       3     418     393     417
     231       3     394     420     395
     232       3     420     394     399
     233       3     421     396     395
     234       3     421     395     420
     235       3     421     397     396
     236       3     397     422     419
     237       3     419     417     397
     238       3     422     397     421
     239       3     423     398     400
     240       3     399     398     423
     241       3     423     424     399
     242       3     424     420     399
     243       3     423     400     425
     244       3     400     402     425
     245       3     426     401     414
     246       3     401     426     403
     247       3     427     425     402
     248       3     427     402     404
     249       3     426     428     403
     250       3     404     403     428
     251       3     427     404     428
     252       3     405     430     406
     253       3     429     405     415
     254       3     429     430     405
     255       3     407     408     435
     256       3     435     412     407
     257       3     409     436     408
     258       3     408     436     435
     259       3     409     410     434
     260       3     436     409     434
     261       3     437     410     411
     262       3     410     437     434
     263       3     437     411     431
     264       3     438     412     435
     265       3     438     413     412
     266       3     413     439     414
     267       3     439     413     438
     268       3     426     414     440
     269       3     440     414     439
     270       3     441     429     415
     271       3     415     416     441
     272       3     441     416     442
     273       3     416     418     442
     274       3     419     443     417
     275       3     418     417     443
     276       3     442     418     443
     277       3     422     444     419
     278       3     419     444     443
     279       3     445     420     424
     280       3     420     445     421
     281       3     421     445     422
     282       3     444     422     446
     283       3     445     446     422
     284       3     425     447     423
     285       3     424     423     447
     286       3     448     424     447
     287       3     448     445     424
     288       3     449     425     427
     289       3     447     425     449
     290       3     450     426     440
     291       3     428     426     450
     292       3     449     427     451
     293       3     451     427     428
     294       3     428     450     451
     295       3     429     441     452
     296       3     429     452     453
     297       3     430     429     453
     298       3     432     454     431
     299       3     437     431     454
     300       3     432     455     454
     301       3     437     458     434
     302       3     458     436     434
     303       3     459     435     436
     304       3     438     435     459
     305       3     436     458     460
     306       3     459     436     460
     307       3     437     454     461
     308       3     461     458     437
     309       3     459     462     438
     310       3     439     438     463
     311       3     438     462     463
     312       3     440     439     463
     313       3     440     464     450
     314       3     463     464     440
     315       3     452     441     465
     316       3     442     465     441
     317       3     442     443     466
     318       3     465     442     466
     319       3     443     467     466
     320       3     444     467     443
     321       3     467     444     468
     322       3     468     444     446
     323       3     445     448     469
     324       3     469     446     445
     325       3     469     468     446
     326       3     470     447     449
     327       3     447     470     448
     328       3     471     448     470
     329       3     469     448     471
     330       3     451     473     449
     331       3     472     449     473
     332       3     472     470     449
     333       3     474     450     464
     334       3     451     450     474
     335       3     473     451     474
     336       3     452     465     475
     337       3     476     452     475
     338       3     476     453     452
     339       3     455     477     454
     340       3     461     454     477
     341       3     484     460     458
     342       3     484     458     461
     343       3     460     485     459
     344       3     485     462     459
     345       3     485     460     484
     346       3     477     487     461
     347       3     484     461     487
     348       3     485     486     462
     349       3     488     462     486
     350       3     462     488     463
     351       3     488     464     463
     352       3     464     488     489
     353       3     464     489     474
     354       3     490     465     466
     355       3     475     465     490
     356       3     467     491     466
     357       3     490     466     491
     358       3     492     467     468
     359       3     492     491     467
     360       3     469     493     468
     361       3     492     468     493
     362       3     493     469     471
     363       3     470     472     494
     364       3     471     470     494
     365       3     471     495     493
     366       3     495     471     494
     367       3     496     472     473
     368       3     496     494     472
     369       3     496     473     497
     370       3     497     473     474
     371       3     474     489     497
     372       3     490     498     475
     373       3     498     499     475
     374       3     475     499     476
     375       3     508     484     487
     376       3     484     508     485
     377       3     485     508     509
     378       3     486     485     509
     379       3     510     486     509
     380       3     486     510     488
     381       3     487     511     508
     382       3     488     510     512
     383       3     489     488     512
     384       3     489     512     513
     385       3     513     497     489
     386       3     498     490     514
     387       3     514     490     515
     388       3     491     515     490
     389       3     515     491     492
     390       3     492     516     515
     391       3     493     516     492
     392       3     495     517     493
     393       3     516     493     517
     394       3     496     518     494
     395       3     495     494     518
     396       3     518     519     495
     397       3     517     495     519
     398       3     518     496     520
     399       3     496     497     520
     400       3     513     520     497
     401       3     521     499     498
     402       3     521     498     514
     403       3     499     521     500
     404       3     522     500     521
     405       3     531     508     511
     406       3     531     509     508
     407       3     532     509     531
     408       3     509     532     510
     409       3     532     533     510
     410       3     510     533     512
     411       3     512     536     513
     412       3     536     512     533
     413       3     537     513     536
     414       3     513     537     520
     415       3     538     514     515
     416       3     514     538     521
     417       3     539     515     516
     418       3     538     515     539
     419       3     516     540     539
     420       3     540     516     517
     421       3     541     540     517
     422       3     517     519     541
     423       3     542     518     520
     424       3     519     518     542
     425       3     541     519     542
     426       3     520     537     543
     427       3     543     542     520
     428       3     538     544     521
     429       3     521     544     522
     430       3     522     544     545
     431       3     556     533     532
     432       3     556     535     533
     433       3     536     533     535
     434       3     558     536     535
     435       3     558     560     536
     436       3     560     537     536
     437       3     543     537     560
     438       3     538     561     544
     439       3     561     538     539
     440       3     561     539     562
     441       3     540     562     539
     442       3     563     562     540
     443       3     563     540     541
     444       3     542     564     541
     445       3     563     541     564
     446       3     565     542     543
     447       3     565     564     542
     448       3     565     543     560
     449       3     566     544     561
     450       3     566     545     544
     451       3     567     545     566
     452       3     582     560     558
     453       3     560     584     565
     454       3     584     560     582
     455       3     562     585     561
     456       3     566     561     585
     457       3     562     563     586
     458       3     585     562     586
     459       3     563     587     586
     460       3     563     564     587
     461       3     588     564     565
     462       3     588     587     564
     463       3     565     584     588
     464       3     567     566     589
     465       3     566     585     589
     466       3     590     567     589
     467       3     584     582     605
     468       3     584     605     608
     469       3     584     608     588
     470       3     586     609     585
     471       3     609     589     585
     472       3     587     610     586
     473       3     609     586     610
     474       3     611     587     588
     475       3     611     610     587
     476       3     611     588     608
     477       3     612     589     609
     478       3     590     589     612
     479       3     605     630     608
     480       3     633     608     630
     481       3     608     633     611
     482       3     634     612     609
     483       3     609     610     634
     484       3     634     610     635
     485       3     635     610     611
     486       3     635     611     633
 0 = Number of open boundaries                                                  
 0 = Total number of open boundary nodes                                        
 5 = Number of land boundaries                                                  
 54 = Total number of land boundary nodes                                       
      24       0       1  Number of nodes for land boundary 1                   
     590
     567
     545
     522
     500
     499
     476
     453
     430
     406
     379
     355
     354
     335
     230
     231
     233
     254
     256
     257
     255
     253
     240
     239
       8       0       2  Number of nodes for land boundary 2                   
     381
     382
     383
     384
     410
     411
     431
     432
      16       0       3  Number of nodes for land boundary 3                   
     264
     287
     309
     329
     346
     351
     370
     372
     376
     377
     375
     374
     373
     358
     357
     356
       3       0       6  Number of nodes for land boundary 6                   
     356
     380
     381
       3       0       7  Number of nodes for land boundary 7                   
     239
     238
     264
