FileFmt      1050624           0           0
NELG            1737         487         420
        1172
        1212
        1213
        1214
        1215
        1216
        1217
        1218
        1221
        1253
        1254
        1255
        1256
        1257
        1258
        1284
        1285
        1286
        1287
        1288
        1292
        1310
        1311
        1312
        1313
        1314
        1315
        1316
        1317
        1320
        1321
        1323
        1336
        1337
        1338
        1339
        1340
        1341
        1342
        1343
        1344
        1347
        1348
        1349
        1360
        1361
        1362
        1363
        1364
        1365
        1366
        1367
        1368
        1369
        1370
        1371
        1374
        1375
        1376
        1377
        1378
        1379
        1380
        1381
        1382
        1383
        1384
        1385
        1386
        1387
        1388
        1389
        1390
        1391
        1392
        1393
        1394
        1395
        1396
        1397
        1398
        1399
        1400
        1401
        1402
        1403
        1404
        1405
        1406
        1407
        1408
        1409
        1410
        1411
        1412
        1413
        1414
        1415
        1416
        1417
        1418
        1419
        1420
        1421
        1422
        1423
        1424
        1425
        1426
        1427
        1428
        1429
        1430
        1431
        1432
        1433
        1434
        1435
        1436
        1437
        1438
        1439
        1440
        1441
        1442
        1443
        1444
        1445
        1446
        1447
        1448
        1449
        1450
        1451
        1452
        1453
        1454
        1455
        1456
        1457
        1458
        1459
        1460
        1461
        1462
        1463
        1464
        1465
        1466
        1467
        1468
        1469
        1470
        1471
        1472
        1473
        1474
        1475
        1476
        1477
        1478
        1479
        1480
        1481
        1482
        1483
        1484
        1485
        1486
        1487
        1488
        1489
        1490
        1491
        1492
        1493
        1494
        1495
        1496
        1497
        1498
        1499
        1500
        1501
        1502
        1503
        1504
        1505
        1506
        1507
        1508
        1509
        1510
        1511
        1512
        1513
        1514
        1515
        1516
        1517
        1518
        1519
        1520
        1521
        1522
        1523
        1524
        1525
        1526
        1527
        1528
        1529
        1530
        1531
        1532
        1533
        1534
        1535
        1536
        1537
        1538
        1539
        1540
        1541
        1542
        1543
        1544
        1545
        1546
        1547
        1548
        1549
        1550
        1551
        1552
        1553
        1554
        1555
        1556
        1557
        1558
        1559
        1560
        1561
        1562
        1563
        1564
        1565
        1566
        1567
        1568
        1569
        1570
        1571
        1572
        1573
        1574
        1575
        1576
        1577
        1578
        1579
        1580
        1581
        1582
        1583
        1584
        1585
        1586
        1587
        1588
        1589
        1590
        1591
        1592
        1593
        1594
        1595
        1596
        1597
        1598
        1599
        1600
        1601
        1602
        1603
        1604
        1605
        1606
        1607
        1608
        1609
        1610
        1611
        1612
        1613
        1614
        1615
        1616
        1617
        1618
        1619
        1620
        1621
        1622
        1623
        1624
        1625
        1626
        1627
        1628
        1629
        1630
        1631
        1632
        1633
        1634
        1635
        1636
        1637
        1638
        1639
        1640
        1641
        1642
        1643
        1644
        1645
        1646
        1647
        1648
        1649
        1650
        1651
        1652
        1653
        1654
        1655
        1656
        1657
        1658
        1659
        1660
        1661
        1662
        1663
        1664
        1665
        1666
        1667
        1668
        1669
        1670
        1671
        1672
        1673
        1674
        1675
        1676
        1677
        1678
        1679
        1680
        1681
        1682
        1683
        1684
        1685
        1686
        1687
        1688
        1689
        1690
        1691
        1692
        1693
        1694
        1695
        1696
        1697
        1698
        1699
        1700
        1701
        1702
        1703
        1704
        1705
        1706
        1707
        1708
        1709
        1710
        1711
        1712
        1713
        1714
        1715
        1716
        1717
        1718
        1719
        1720
        1721
        1722
        1723
        1724
        1725
        1726
        1727
        1728
        1729
        1730
        1731
        1732
        1733
        1734
        1735
        1736
        1737
NNODG           1069         295         295
        -690
         713
         714
         715
         716
         717
        -719
         738
         739
         740
        -741
         756
         757
         758
        -760
         771
         772
         773
         774
         775
        -777
        -778
         787
         788
         789
         790
         791
         793
        -794
         802
         803
         804
         805
         806
        -807
         808
        -809
        -812
         813
         814
         815
         816
         817
         818
         819
         820
         821
        -822
         823
         824
         825
         826
         827
         828
         829
         830
         831
         832
         833
         834
         835
         836
         837
         838
         839
         840
         841
         842
         843
         844
         845
         846
         847
         848
         849
         850
         851
         852
         853
         854
         855
         856
         857
         858
         859
         860
         861
         862
         863
         864
         865
         866
         867
         868
         869
         870
         871
         872
         873
         874
         875
         876
         877
         878
         879
         880
         881
         882
         883
         884
         885
         886
         887
         888
         889
         890
         891
         892
         893
         894
         895
         896
         897
         898
         899
         900
         901
         902
         903
         904
         905
         906
         907
         908
         909
         910
         911
         912
         913
         914
         915
         916
         917
         918
         919
         920
         921
         922
         923
         924
         925
         926
         927
         928
         929
         930
         931
         932
         933
         934
         935
         936
         937
         938
         939
         940
         941
         942
         943
         944
         945
         946
         947
         948
         949
         950
         951
         952
         953
         954
         955
         956
         957
         958
         959
         960
         961
         962
         963
         964
         965
         966
         967
         968
         969
         970
         971
         972
         973
         974
         975
         976
         977
         978
         979
         980
         981
         982
         983
         984
         985
         986
         987
         988
         989
         990
         991
         992
         993
         994
         995
         996
         997
         998
         999
        1000
        1001
        1002
        1003
        1004
        1005
        1006
        1007
        1008
        1009
        1010
        1011
        1012
        1013
        1014
        1015
        1016
        1017
        1018
        1019
        1020
        1021
        1022
        1023
        1024
        1025
        1026
        1027
        1028
        1029
        1030
        1031
        1032
        1033
        1034
        1035
        1036
        1037
        1038
        1039
        1040
        1041
        1042
        1043
        1044
        1045
        1046
        1047
        1048
        1049
        1050
        1051
        1052
        1053
        1054
        1055
        1056
        1057
        1058
        1059
        1060
        1061
        1062
        1063
        1064
        1065
        1066
        1067
        1068
        1069
NFLUXF             0
NETA               0           0           0
NSTAE              0           0           0
NSTAV              0           0           0
NSTAM              0           0           0
NSTAC              0           0           0
RES NODE           0         284
                   2           3           4           5           6           8
                   9          10          12          13          14          16
                  17          18          19          20          23          24
                  25          26          27          28          30          31
                  32          33          34          36          39          40
                  41          42          43          44          45          46
                  47          49          50          51          52          53
                  54          55          56          57          58          59
                  60          61          62          63          64          65
                  66          67          68          69          70          71
                  72          73          74          75          76          77
                  78          79          80          81          82          83
                  84          85          86          87          88          89
                  90          91          92          93          94          95
                  96          97          98          99         100         101
                 102         103         104         105         106         107
                 108         109         110         111         112         113
                 114         115         116         117         118         119
                 120         121         122         123         124         125
                 126         127         128         129         130         131
                 132         133         134         135         136         137
                 138         139         140         141         142         143
                 144         145         146         147         148         149
                 150         151         152         153         154         155
                 156         157         158         159         160         161
                 162         163         164         165         166         167
                 168         169         170         171         172         173
                 174         175         176         177         178         179
                 180         181         182         183         184         185
                 186         187         188         189         190         191
                 192         193         194         195         196         197
                 198         199         200         201         202         203
                 204         205         206         207         208         209
                 210         211         212         213         214         215
                 216         217         218         219         220         221
                 222         223         224         225         226         227
                 228         229         230         231         232         233
                 234         235         236         237         238         239
                 240         241         242         243         244         245
                 246         247         248         249         250         251
                 252         253         254         255         256         257
                 258         259         260         261         262         263
                 264         265         266         267         268         269
                 270         271         272         273         274         275
                 276         277         278         279         280         281
                 282         283         284         285         286         287
                 288         289         290         291         292         293
                 294         295
COMM PE            1
RECV PE            1          11
                   1           7          11          15          21          22
                  29          35          37          38          48
SEND PE            1          10
                   3           9          14          20          27          28
                  36          46          47          57
