Albemarle-Pamlico Estuarine System (APES)                                       
     420     295
     690     -0.755216147200E+02      0.357450246094E+02      0.560703028800E+00
     713     -0.755375100000E+02      0.357864900000E+02      0.898999989000E+00
     714     -0.755241899751E+02      0.357558052849E+02      0.598322594700E+00
     715     -0.755272591188E+02      0.357657963326E+02      0.559699874300E+00
     716     -0.755315500000E+02      0.357745300000E+02      0.325000000000E+01
     717     -0.755345300000E+02      0.357805100000E+02      0.324998433230E+01
     719     -0.755337203142E+02      0.357501865488E+02      0.762811191100E+00
     738     -0.755429462284E+02      0.357816250857E+02      0.703707658100E+00
     739     -0.755374957142E+02      0.357633428699E+02      0.177086337850E+01
     740     -0.755416274899E+02      0.357735167388E+02      0.157613971990E+01
     741     -0.755474499429E+02      0.357529094120E+02      0.474092904260E+01
     756     -0.755523261481E+02      0.357804052888E+02      0.555000007200E+00
     757     -0.755483037963E+02      0.357910491797E+02      0.638189795200E+00
     758     -0.755532796122E+02      0.357678491930E+02      0.781250877200E+00
     760     -0.755614620548E+02      0.357557282123E+02      0.646321503400E+00
     771     -0.755645699750E+02      0.357812722280E+02      0.130993993370E+01
     772     -0.755616295646E+02      0.357924953498E+02      0.154692715520E+01
     773     -0.755706368571E+02      0.358020072696E+02      0.712594891200E+00
     774     -0.755759272388E+02      0.358222287435E+02      0.556471837300E+00
     775     -0.755725319623E+02      0.357713964577E+02      0.813850473100E+00
     777     -0.755795884685E+02      0.357518894066E+02      0.943925639300E+00
     778     -0.755847828291E+02      0.357289252959E+02      0.197651412240E+01
     787     -0.755833232694E+02      0.357912485755E+02      0.953934021100E+00
     788     -0.755931427686E+02      0.358126548515E+02      0.784844452200E+00
     789     -0.755910928297E+02      0.358422509143E+02      0.556265788300E+00
     790     -0.756138581435E+02      0.358472205192E+02      0.227970028410E+01
     791     -0.755942454734E+02      0.357724703988E+02      0.864328693400E+00
     793     -0.756033430611E+02      0.357476388087E+02      0.137131417480E+01
     794     -0.756104881409E+02      0.357251432167E+02      0.243041108630E+01
     802     -0.756035251201E+02      0.358704249643E+02      0.607111637000E+00
     803     -0.756241890084E+02      0.358756575299E+02      0.210066809400E+01
     804     -0.756091971716E+02      0.357925751035E+02      0.116773978650E+01
     805     -0.756147948461E+02      0.358183057841E+02      0.144132642560E+01
     806     -0.756183010334E+02      0.357666514266E+02      0.133624303010E+01
     807     -0.756406876473E+02      0.357219866639E+02      0.456442816400E+01
     808     -0.756314551321E+02      0.357432276442E+02      0.322427026880E+01
     809     -0.756677772635E+02      0.357135803238E+02      0.401190973010E+01
     812     -0.756923118863E+02      0.357031757372E+02      0.311604361210E+01
     813     -0.756257700000E+02      0.359009500000E+02      0.675000011900E+00
     814     -0.756396858288E+02      0.359009999121E+02      0.256058502790E+01
     815     -0.756335119098E+02      0.357829954508E+02      0.234958395730E+01
     816     -0.756295500000E+02      0.358023100000E+02      0.247000002860E+01
     817     -0.756462169440E+02      0.357645183919E+02      0.345536203540E+01
     818     -0.756547684058E+02      0.358185713231E+02      0.303448552380E+01
     819     -0.756714892696E+02      0.358329176067E+02      0.272426912300E+01
     820     -0.756661414069E+02      0.357443169246E+02      0.382067451830E+01
     821     -0.756973201117E+02      0.357340204277E+02      0.339389508520E+01
     822     -0.757205161531E+02      0.357117192896E+02      0.860866198300E+00
     823     -0.756235128507E+02      0.359331003944E+02      0.716985638200E+00
     824     -0.756545727013E+02      0.359209643004E+02      0.107418782300E+01
     825     -0.756633224021E+02      0.358587384863E+02      0.108937485100E+01
     826     -0.756600149749E+02      0.357934309103E+02      0.325361711480E+01
     827     -0.756734435804E+02      0.357739397779E+02      0.358595464890E+01
     828     -0.756798796010E+02      0.358155054486E+02      0.219239167280E+01
     829     -0.756863104995E+02      0.358419727452E+02      0.309041946590E+01
     830     -0.757011606285E+02      0.357657625751E+02      0.347283010540E+01
     831     -0.757350308012E+02      0.357489140294E+02      0.106387396070E+01
     832     -0.756481286062E+02      0.359641083384E+02      0.121267535200E+01
     833     -0.758439567589E+02      0.362701531393E+02      0.119536723160E+01
     834     -0.756823599340E+02      0.359340857474E+02      0.964094877100E+00
     835     -0.756817346079E+02      0.358833032888E+02      0.280337290370E+01
     836     -0.756960142485E+02      0.358636125629E+02      0.296955826000E+01
     837     -0.756990647679E+02      0.357995075790E+02      0.390412970570E+01
     838     -0.757034208002E+02      0.358327974593E+02      0.358480365450E+01
     839     -0.757311581931E+02      0.357879234030E+02      0.165406055790E+01
     840     -0.756704910175E+02      0.359843965201E+02      0.686133128000E+00
     841     -0.758169532761E+02      0.362450149727E+02      0.610421336800E+00
     842     -0.758638682483E+02      0.362372042858E+02      0.587181484000E+00
     843     -0.757116172618E+02      0.359397187858E+02      0.144157945670E+01
     844     -0.756996824305E+02      0.359648400100E+02      0.286073857650E+01
     845     -0.756991347829E+02      0.359082960186E+02      0.118818640810E+01
     846     -0.757141041826E+02      0.358834499861E+02      0.346275293870E+01
     847     -0.757185511697E+02      0.358567245868E+02      0.357426284890E+01
     848     -0.757302250112E+02      0.358251511049E+02      0.185555974060E+01
     849     -0.757052167713E+02      0.359979703860E+02      0.868923738100E+00
     850     -0.757896200259E+02      0.362160170841E+02      0.633425484300E+00
     851     -0.758360206374E+02      0.362092808015E+02      0.106806371950E+01
     852     -0.757216851401E+02      0.359262515948E+02      0.935778649800E+00
     853     -0.757272672589E+02      0.359502234194E+02      0.218990335190E+01
     854     -0.757275153152E+02      0.359788565274E+02      0.191405215780E+01
     855     -0.757320515637E+02      0.358976759918E+02      0.294607143180E+01
     856     -0.757469852118E+02      0.358613084021E+02      0.246752221910E+01
     857     -0.757310291111E+02      0.360112254678E+02      0.161838600890E+01
     858     -0.757122903826E+02      0.360322358230E+02      0.143862644470E+01
     859     -0.757635608777E+02      0.361874444864E+02      0.173995365050E+01
     860     -0.758337570578E+02      0.361757722282E+02      0.122890708610E+01
     861     -0.757530970137E+02      0.359929016431E+02      0.187090058580E+01
     862     -0.757466972640E+02      0.359257078571E+02      0.361521067090E+01
     863     -0.757543043699E+02      0.359589174407E+02      0.219315319870E+01
     864     -0.757656828812E+02      0.358966091882E+02      0.133148913070E+01
     865     -0.757521970178E+02      0.360250639217E+02      0.212322231700E+01
     866     -0.757296741105E+02      0.360389836370E+02      0.155529827130E+01
     867     -0.757417001601E+02      0.360712993204E+02      0.117225968670E+01
     868     -0.757490293963E+02      0.361101274260E+02      0.847093995900E+00
     869     -0.757557627521E+02      0.361489531604E+02      0.131285973230E+01
     870     -0.758130781379E+02      0.361417143417E+02      0.144762416300E+01
     871     -0.757721050485E+02      0.360316957220E+02      0.222146249720E+01
     872     -0.760110292529E+02      0.356827704214E+02      0.255501043060E+01
     873     -0.760416737535E+02      0.356894093045E+02      0.180980922460E+01
     874     -0.757769500077E+02      0.360048877055E+02      0.258702861450E+01
     875     -0.757833250596E+02      0.359736070084E+02      0.333918673250E+01
     876     -0.757804046247E+02      0.359336415524E+02      0.233008117760E+01
     877     -0.757663769277E+02      0.360656489358E+02      0.207084473430E+01
     878     -0.757928538137E+02      0.361075418188E+02      0.103564592270E+01
     879     -0.757886640466E+02      0.360473792294E+02      0.129437663740E+01
     880     -0.757934418975E+02      0.360230665872E+02      0.302515216380E+01
     881     -0.759339876570E+02      0.362501036317E+02      0.243219971280E+01
     882     -0.759577723054E+02      0.362488324236E+02      0.239960735290E+01
     883     -0.760070545106E+02      0.357200903158E+02      0.277403554640E+01
     884     -0.760539545794E+02      0.357270137966E+02      0.152874446130E+01
     885     -0.758129375504E+02      0.359963947215E+02      0.388408881060E+01
     886     -0.758116804081E+02      0.359556054333E+02      0.855052886500E+00
     887     -0.758022178915E+02      0.360722670104E+02      0.100971488820E+01
     888     -0.758222474813E+02      0.360373418838E+02      0.398773219250E+01
     889     -0.759144466048E+02      0.362192135670E+02      0.179512888470E+01
     890     -0.759471183061E+02      0.362109408413E+02      0.208123643670E+01
     891     -0.758361080985E+02      0.360931144303E+02      0.822704523600E+00
     892     -0.758641553664E+02      0.361176127467E+02      0.165990645420E+01
     893     -0.759890810952E+02      0.357554239066E+02      0.245896357790E+01
     894     -0.760480112324E+02      0.357655684378E+02      0.190127320750E+01
     895     -0.758499940173E+02      0.360068017682E+02      0.458658303840E+01
     896     -0.758449375431E+02      0.359755319005E+02      0.159561109000E+01
     897     -0.758471308319E+02      0.360642628292E+02      0.494404430690E+01
     898     -0.758651393675E+02      0.360374274738E+02      0.470976335750E+01
     899     -0.758701938280E+02      0.361569585333E+02      0.123782108080E+01
     900     -0.758893828406E+02      0.361897420504E+02      0.111010665800E+01
     901     -0.759278511109E+02      0.361775317821E+02      0.194193713750E+01
     902     -0.761653269575E+02      0.362913110385E+02      0.292921467110E+01
     903     -0.758761328600E+02      0.360881581445E+02      0.507285988760E+01
     904     -0.758947464284E+02      0.361202295559E+02      0.490361423670E+01
     905     -0.759929146532E+02      0.357932158834E+02      0.254879849760E+01
     906     -0.760095413449E+02      0.358203532812E+02      0.270649871520E+01
     907     -0.760295064281E+02      0.358095088563E+02      0.317235369260E+01
     908     -0.760573267611E+02      0.358044035348E+02      0.131851533490E+01
     909     -0.758847841665E+02      0.360106439124E+02      0.471723028150E+01
     910     -0.758845287125E+02      0.359774901112E+02      0.215029180820E+01
     911     -0.758927620484E+02      0.360622586186E+02      0.543872478160E+01
     912     -0.759053673552E+02      0.360343959447E+02      0.507697701970E+01
     913     -0.759024968424E+02      0.361561615532E+02      0.157161227460E+01
     914     -0.761272862290E+02      0.362805339108E+02      0.207015153030E+01
     915     -0.761700684704E+02      0.362702769551E+02      0.252574244200E+01
     916     -0.759288259874E+02      0.361274088432E+02      0.497282213510E+01
     917     -0.759159692744E+02      0.360906570653E+02      0.551607018810E+01
     918     -0.759236439285E+02      0.359698008654E+02      0.683688891900E+00
     919     -0.759852105440E+02      0.358287251227E+02      0.218520287120E+01
     920     -0.760200895686E+02      0.358458967473E+02      0.285750932400E+01
     921     -0.760510256691E+02      0.358408402762E+02      0.278068573000E+01
     922     -0.759180513326E+02      0.360008221498E+02      0.509515449090E+01
     923     -0.759363678131E+02      0.360265941110E+02      0.537166305070E+01
     924     -0.759336646876E+02      0.360603071554E+02      0.558356202060E+01
     925     -0.759413190781E+02      0.361648246754E+02      0.119585678830E+01
     926     -0.760999016410E+02      0.362541979448E+02      0.152950603310E+01
     927     -0.761371916881E+02      0.362522617945E+02      0.926124567300E+00
     928     -0.759646312711E+02      0.361365085233E+02      0.435876817790E+01
     929     -0.759508416136E+02      0.360989505070E+02      0.531987576560E+01
     930     -0.759419871987E+02      0.359774285407E+02      0.452398166660E+01
     931     -0.759363585747E+02      0.359515080651E+02      0.952147120900E+00
     932     -0.759426683798E+02      0.359221420598E+02      0.152981907450E+01
     933     -0.759913323706E+02      0.358653380239E+02      0.226626152860E+01
     934     -0.760473700331E+02      0.358739414870E+02      0.122694819810E+01
     935     -0.759747617087E+02      0.358984373638E+02      0.123166092520E+01
     936     -0.759548248671E+02      0.359995626236E+02      0.526542938790E+01
     937     -0.759651165619E+02      0.360359102474E+02      0.556689575290E+01
     938     -0.759678853814E+02      0.360721948660E+02      0.571699596530E+01
     939     -0.759999333105E+02      0.361464870763E+02      0.357449752500E+01
     940     -0.759797717573E+02      0.361756479073E+02      0.555799713800E+00
     941     -0.760663226462E+02      0.362361335003E+02      0.117048894960E+01
     942     -0.761178112577E+02      0.362188670597E+02      0.130632374680E+01
     943     -0.759882213310E+02      0.361083358526E+02      0.542558375940E+01
     944     -0.759647585678E+02      0.359581082499E+02      0.297045200060E+01
     945     -0.759851532340E+02      0.359256786008E+02      0.345754072350E+01
     946     -0.760278738791E+02      0.359078507033E+02      0.205944908200E+01
     947     -0.759902448511E+02      0.359472034735E+02      0.380239115280E+01
     948     -0.759817574432E+02      0.359978921647E+02      0.477918589040E+01
     949     -0.759977187056E+02      0.360274590357E+02      0.542719145460E+01
     950     -0.759945599392E+02      0.360550894695E+02      0.570133370760E+01
     951     -0.759986006262E+02      0.360807869451E+02      0.572047635180E+01
     952     -0.760220956326E+02      0.361236518105E+02      0.508504001520E+01
     953     -0.760328457474E+02      0.361535843441E+02      0.277949274000E+01
     954     -0.760188233863E+02      0.361839266561E+02      0.181921222100E+01
     955     -0.760407243071E+02      0.362113089588E+02      0.832680624400E+00
     956     -0.760828786125E+02      0.362001335050E+02      0.101662838050E+01
     957     -0.760240253017E+02      0.360956823139E+02      0.561037157120E+01
     958     -0.759990122501E+02      0.359715683738E+02      0.437980487430E+01
     959     -0.760185155915E+02      0.359407105746E+02      0.179100783290E+01
     960     -0.760178934653E+02      0.360053888519E+02      0.525869410120E+01
     961     -0.760291223941E+02      0.360400884159E+02      0.550503352540E+01
     962     -0.760293239372E+02      0.360694241071E+02      0.577360119260E+01
     963     -0.760479130087E+02      0.361096891294E+02      0.516655476890E+01
     964     -0.760546021711E+02      0.361351226196E+02      0.220040637660E+01
     965     -0.760640136682E+02      0.361688906969E+02      0.112693976300E+01
     966     -0.760611390930E+02      0.360850758402E+02      0.564934239680E+01
     967     -0.760306995265E+02      0.359739444700E+02      0.191856252790E+01
     968     -0.760516617552E+02      0.360164883470E+02      0.513613940760E+01
     969     -0.760668317012E+02      0.360535821787E+02      0.565779921850E+01
     970     -0.760830318971E+02      0.361112577580E+02      0.510953280460E+01
     971     -0.760811515171E+02      0.361442236242E+02      0.619010089500E+00
     972     -0.760962133496E+02      0.360774374295E+02      0.594272934640E+01
     973     -0.762569610107E+02      0.361706532910E+02      0.235097981990E+01
     974     -0.760665362920E+02      0.359903939262E+02      0.167779341010E+01
     975     -0.760881401700E+02      0.360240324726E+02      0.525909778370E+01
     976     -0.761040609960E+02      0.360523207634E+02      0.566754747570E+01
     977     -0.761167922921E+02      0.360976698798E+02      0.544071865050E+01
     978     -0.762261539480E+02      0.361567643510E+02      0.111190326490E+01
     979     -0.761179447078E+02      0.361307348977E+02      0.919898920300E+00
     980     -0.761309540215E+02      0.360692013804E+02      0.590566241050E+01
     981     -0.762357595166E+02      0.361418286143E+02      0.122632638700E+01
     982     -0.761063469669E+02      0.359934235387E+02      0.176145881390E+01
     983     -0.764426044128E+02      0.361842307610E+02      0.185591772490E+01
     984     -0.761269171667E+02      0.360285259186E+02      0.526813441270E+01
     985     -0.761468232833E+02      0.360507551169E+02      0.586636141460E+01
     986     -0.761494837258E+02      0.360982274006E+02      0.504933440820E+01
     987     -0.761976375327E+02      0.361301494080E+02      0.150258271420E+01
     988     -0.761577343068E+02      0.361287747183E+02      0.705293244300E+00
     989     -0.761636252983E+02      0.360687064516E+02      0.597375873620E+01
     990     -0.762082900433E+02      0.361147943931E+02      0.105567000080E+01
     991     -0.761462548804E+02      0.359951486693E+02      0.100352607090E+01
     992     -0.764080284113E+02      0.361722522759E+02      0.246694047770E+01
     993     -0.764206526194E+02      0.361577375889E+02      0.135493864640E+01
     994     -0.761665288513E+02      0.360274475545E+02      0.530387405630E+01
     995     -0.761879618527E+02      0.360952235506E+02      0.345349927810E+01
     996     -0.761873553242E+02      0.360571103204E+02      0.604440022130E+01
     997     -0.762302478020E+02      0.360976042034E+02      0.107335478030E+01
     998     -0.761860461637E+02      0.359918877574E+02      0.150053470550E+01
     999     -0.763795513042E+02      0.361453507414E+02      0.249157589960E+01
    1000     -0.763899916913E+02      0.361327193788E+02      0.155549260970E+01
    1001     -0.762679238590E+02      0.361108320296E+02      0.136130405540E+01
    1002     -0.762079729430E+02      0.360260509576E+02      0.613991990650E+01
    1003     -0.762185113832E+02      0.360669104484E+02      0.595239613820E+01
    1004     -0.762559528937E+02      0.360749058284E+02      0.574888911660E+01
    1005     -0.762425192541E+02      0.360086067672E+02      0.589243455620E+01
    1006     -0.762250696271E+02      0.359834613055E+02      0.143571083770E+01
    1007     -0.763061917109E+02      0.361222343216E+02      0.162739720040E+01
    1008     -0.763428824385E+02      0.361373194412E+02      0.237584071400E+01
    1009     -0.763567651402E+02      0.361199885040E+02      0.904751021300E+00
    1010     -0.762898375919E+02      0.360865533894E+02      0.377021132770E+01
    1011     -0.762513108036E+02      0.360412027458E+02      0.617437386020E+01
    1012     -0.762864901317E+02      0.360546328040E+02      0.604451788480E+01
    1013     -0.762743866282E+02      0.360071186449E+02      0.612574276000E+01
    1014     -0.762637025169E+02      0.359733171590E+02      0.945107210700E+00
    1015     -0.763209644708E+02      0.361035515938E+02      0.185735599750E+01
    1016     -0.762996056296E+02      0.359565696733E+02      0.726370628700E+00
    1017     -0.763143507748E+02      0.360683310506E+02      0.586832591460E+01
    1018     -0.762941695058E+02      0.360253333988E+02      0.606718429710E+01
    1019     -0.763156185386E+02      0.360413852018E+02      0.606770610130E+01
    1020     -0.763086709122E+02      0.359869879314E+02      0.602428461810E+01
    1021     -0.763334694021E+02      0.360819397978E+02      0.263145846950E+01
    1022     -0.763361800065E+02      0.359416674861E+02      0.146776766470E+01
    1023     -0.763469766456E+02      0.360486995391E+02      0.603552713930E+01
    1024     -0.763314582385E+02      0.360170434250E+02      0.602478650770E+01
    1025     -0.763449353317E+02      0.359844171622E+02      0.555847284270E+01
    1026     -0.763809210127E+02      0.360460557118E+02      0.575435764850E+01
    1027     -0.763732991119E+02      0.360834530193E+02      0.173140538750E+01
    1028     -0.763692444381E+02      0.359614337677E+02      0.262085661900E+01
    1029     -0.763743875835E+02      0.360094373026E+02      0.522520429130E+01
    1030     -0.764070416725E+02      0.360327696737E+02      0.615988217980E+01
    1031     -0.764088832055E+02      0.360669371924E+02      0.157076864540E+01
    1032     -0.764021097053E+02      0.359840429559E+02      0.168620820450E+01
    1033     -0.764231408659E+02      0.360106944428E+02      0.616648263540E+01
    1034     -0.764418477523E+02      0.360463196159E+02      0.152256141310E+01
    1035     -0.764399406736E+02      0.359749439329E+02      0.204268962000E+01
    1036     -0.764686184562E+02      0.360202918602E+02      0.846694234300E+00
    1037     -0.764783117886E+02      0.359638419496E+02      0.143606309690E+01
    1038     -0.765550633866E+02      0.359416784640E+02      0.203979214840E+01
    1039     -0.765167678206E+02      0.359530254599E+02      0.136136653290E+01
    1040     -0.765070058438E+02      0.360146644028E+02      0.755399588100E+00
    1041     -0.765854618874E+02      0.359663763458E+02      0.604117233660E+01
    1042     -0.765948351272E+02      0.359403383266E+02      0.149060981740E+01
    1043     -0.765505777753E+02      0.359814615654E+02      0.673732499690E+01
    1044     -0.765462673455E+02      0.360093321059E+02      0.170233461030E+01
    1045     -0.766346990805E+02      0.359388132781E+02      0.159766177450E+01
    1046     -0.766743152075E+02      0.359355502226E+02      0.263652874070E+01
    1047     -0.767127047961E+02      0.359450011178E+02      0.286954935630E+01
    1048     -0.765935690819E+02      0.359887057930E+02      0.672732950200E+01
    1049     -0.766230162336E+02      0.359731027463E+02      0.568817668380E+01
    1050     -0.765832390259E+02      0.360145515777E+02      0.141018492650E+01
    1051     -0.766571464153E+02      0.359731000713E+02      0.462688721950E+01
    1052     -0.766893708229E+02      0.359731359778E+02      0.327638944890E+01
    1053     -0.766164563947E+02      0.360090999912E+02      0.571549018170E+01
    1054     -0.766431724550E+02      0.360020127272E+02      0.575889602300E+01
    1055     -0.766086643548E+02      0.360446969196E+02      0.180605973730E+01
    1056     -0.766783447868E+02      0.360054512346E+02      0.237212411100E+01
    1057     -0.766381344205E+02      0.360336957105E+02      0.238130319890E+01
    1058     -0.767078622035E+02      0.360280902391E+02      0.832473565200E+00
    1059     -0.766731996381E+02      0.360495753178E+02      0.120030444720E+01
    1060     -0.767268352596E+02      0.360625136870E+02      0.243203737100E+01
    1061     -0.766901035161E+02      0.360818980316E+02      0.114131965730E+01
    1062     -0.767301065889E+02      0.361008221700E+02      0.469805820530E+01
    1063     -0.766998816952E+02      0.361088588327E+02      0.113764912080E+01
    1064     -0.767507285097E+02      0.361343011921E+02      0.982356732700E+00
    1065     -0.767155154882E+02      0.361401483249E+02      0.139080273670E+01
    1066     -0.767557508955E+02      0.361718494370E+02      0.432041288930E+01
    1067     -0.767198862274E+02      0.361776982634E+02      0.185568814510E+01
    1068     -0.767476289199E+02      0.362087348944E+02      0.343582740390E+01
    1069     -0.767161533482E+02      0.362112311516E+02      0.647803152020E+01
       1       3     690     714     719
       2       3     717     713     738
       3       3     714     715     739
       4       3     739     719     714
       5       3     715     716     739
       6       3     717     740     716
       7       3     740     739     716
       8       3     717     738     740
       9       3     741     719     739
      10       3     740     738     756
      11       3     756     738     757
      12       3     741     739     758
      13       3     758     739     740
      14       3     756     758     740
      15       3     760     741     758
      16       3     772     756     757
      17       3     771     756     772
      18       3     758     756     771
      19       3     760     758     775
      20       3     771     775     758
      21       3     777     760     775
      22       3     787     771     772
      23       3     775     771     787
      24       3     772     773     787
      25       3     788     773     774
      26       3     773     788     787
      27       3     789     788     774
      28       3     787     791     775
      29       3     775     791     777
      30       3     777     793     778
      31       3     791     793     777
      32       3     793     794     778
      33       3     787     804     791
      34       3     804     787     788
      35       3     805     788     789
      36       3     805     804     788
      37       3     789     802     790
      38       3     790     805     789
      39       3     790     802     803
      40       3     806     791     804
      41       3     806     793     791
      42       3     793     806     808
      43       3     794     793     808
      44       3     808     807     794
      45       3     803     802     813
      46       3     803     813     814
      47       3     815     804     816
      48       3     805     816     804
      49       3     804     815     806
      50       3     817     808     806
      51       3     806     815     817
      52       3     807     808     820
      53       3     820     809     807
      54       3     820     808     817
      55       3     821     809     820
      56       3     821     812     809
      57       3     812     821     822
      58       3     813     823     814
      59       3     823     824     814
      60       3     826     815     816
      61       3     817     815     826
      62       3     826     816     818
      63       3     827     820     817
      64       3     826     827     817
      65       3     826     818     828
      66       3     819     828     818
      67       3     829     828     819
      68       3     819     825     829
      69       3     827     830     820
      70       3     821     820     830
      71       3     831     821     830
      72       3     822     821     831
      73       3     824     823     832
      74       3     832     834     824
      75       3     836     825     835
      76       3     825     836     829
      77       3     826     837     827
      78       3     826     828     837
      79       3     827     837     830
      80       3     838     837     828
      81       3     838     828     829
      82       3     838     829     836
      83       3     839     831     830
      84       3     839     830     837
      85       3     834     832     840
      86       3     833     842     841
      87       3     834     840     844
      88       3     843     834     844
      89       3     845     846     835
      90       3     836     835     846
      91       3     847     838     836
      92       3     846     847     836
      93       3     848     837     838
      94       3     848     839     837
      95       3     838     847     848
      96       3     844     840     849
      97       3     850     841     851
      98       3     851     841     842
      99       3     843     844     853
     100       3     853     852     843
     101       3     849     854     844
     102       3     853     844     854
     103       3     855     846     845
     104       3     852     855     845
     105       3     856     846     855
     106       3     856     847     846
     107       3     848     847     856
     108       3     849     857     854
     109       3     860     859     850
     110       3     850     851     860
     111       3     852     853     862
     112       3     862     855     852
     113       3     863     853     854
     114       3     862     853     863
     115       3     863     854     861
     116       3     861     854     857
     117       3     855     864     856
     118       3     862     864     855
     119       3     861     857     865
     120       3     857     866     865
     121       3     857     858     866
     122       3     870     869     859
     123       3     859     860     870
     124       3     863     861     875
     125       3     874     875     861
     126       3     865     874     861
     127       3     876     864     862
     128       3     863     876     862
     129       3     876     863     875
     130       3     877     865     866
     131       3     871     874     865
     132       3     877     871     865
     133       3     867     877     866
     134       3     877     867     868
     135       3     877     868     878
     136       3     878     868     869
     137       3     870     878     869
     138       3     874     871     880
     139       3     871     877     879
     140       3     871     879     880
     141       3     883     873     872
     142       3     883     884     873
     143       3     874     885     875
     144       3     880     885     874
     145       3     886     875     885
     146       3     876     875     886
     147       3     879     877     887
     148       3     878     887     877
     149       3     887     888     879
     150       3     880     879     888
     151       3     885     880     888
     152       3     890     889     881
     153       3     882     890     881
     154       3     893     894     883
     155       3     884     883     894
     156       3     895     885     888
     157       3     885     896     886
     158       3     895     896     885
     159       3     897     888     887
     160       3     897     887     891
     161       3     898     895     888
     162       3     897     898     888
     163       3     901     900     889
     164       3     890     901     889
     165       3     903     897     891
     166       3     903     891     892
     167       3     899     904     892
     168       3     904     903     892
     169       3     894     893     905
     170       3     894     905     907
     171       3     908     894     907
     172       3     895     910     896
     173       3     895     898     909
     174       3     895     909     910
     175       3     911     898     897
     176       3     911     897     903
     177       3     898     911     912
     178       3     909     898     912
     179       3     913     899     900
     180       3     913     904     899
     181       3     901     913     900
     182       3     902     915     914
     183       3     917     903     904
     184       3     911     903     917
     185       3     904     913     916
     186       3     916     917     904
     187       3     905     919     906
     188       3     907     905     906
     189       3     906     920     907
     190       3     920     906     919
     191       3     921     907     920
     192       3     907     921     908
     193       3     912     922     909
     194       3     910     909     922
     195       3     910     922     918
     196       3     924     911     917
     197       3     924     912     911
     198       3     912     924     923
     199       3     912     923     922
     200       3     925     916     913
     201       3     914     927     926
     202       3     927     914     915
     203       3     917     916     929
     204       3     928     929     916
     205       3     925     928     916
     206       3     924     917     929
     207       3     930     918     922
     208       3     931     918     930
     209       3     920     919     933
     210       3     920     933     934
     211       3     920     934     921
     212       3     922     923     936
     213       3     922     936     930
     214       3     923     924     937
     215       3     937     936     923
     216       3     938     924     929
     217       3     924     938     937
     218       3     940     928     925
     219       3     941     926     942
     220       3     942     926     927
     221       3     939     928     940
     222       3     929     928     943
     223       3     939     943     928
     224       3     938     929     943
     225       3     944     930     936
     226       3     930     944     931
     227       3     944     932     931
     228       3     932     944     945
     229       3     935     932     945
     230       3     933     935     946
     231       3     946     934     933
     232       3     945     946     935
     233       3     937     948     936
     234       3     936     948     944
     235       3     950     949     937
     236       3     937     938     950
     237       3     937     949     948
     238       3     943     951     938
     239       3     951     950     938
     240       3     940     954     939
     241       3     939     952     943
     242       3     939     953     952
     243       3     939     954     953
     244       3     956     955     941
     245       3     942     956     941
     246       3     943     957     951
     247       3     952     957     943
     248       3     958     944     948
     249       3     947     945     944
     250       3     944     958     947
     251       3     945     947     959
     252       3     946     945     959
     253       3     959     947     958
     254       3     960     958     948
     255       3     949     960     948
     256       3     961     949     950
     257       3     960     949     961
     258       3     951     962     950
     259       3     950     962     961
     260       3     951     957     962
     261       3     964     952     953
     262       3     952     963     957
     263       3     963     952     964
     264       3     965     964     953
     265       3     954     965     953
     266       3     965     954     955
     267       3     956     965     955
     268       3     963     966     957
     269       3     962     957     966
     270       3     960     967     958
     271       3     967     959     958
     272       3     967     960     968
     273       3     968     960     961
     274       3     969     968     961
     275       3     962     969     961
     276       3     966     969     962
     277       3     966     963     970
     278       3     964     970     963
     279       3     971     970     964
     280       3     964     965     971
     281       3     970     972     966
     282       3     966     972     969
     283       3     968     974     967
     284       3     975     968     969
     285       3     975     974     968
     286       3     969     976     975
     287       3     972     976     969
     288       3     977     972     970
     289       3     979     977     970
     290       3     971     979     970
     291       3     972     977     980
     292       3     976     972     980
     293       3     978     973     981
     294       3     974     975     982
     295       3     975     984     982
     296       3     984     975     976
     297       3     984     976     980
     298       3     979     986     977
     299       3     986     980     977
     300       3     978     981     987
     301       3     988     986     979
     302       3     986     989     980
     303       3     980     985     984
     304       3     989     985     980
     305       3     981     990     987
     306       3     984     991     982
     307       3     983     993     992
     308       3     994     991     984
     309       3     984     985     994
     310       3     989     994     985
     311       3     986     988     995
     312       3     995     989     986
     313       3     987     995     988
     314       3     990     995     987
     315       3     995     996     989
     316       3     989     996     994
     317       3     990     997     995
     318       3     994     998     991
     319       3     999     992     993
     320       3    1000     999     993
     321       3    1002     994     996
     322       3     998     994    1002
     323       3    1003     995     997
     324       3    1003     996     995
     325       3    1002     996    1003
     326       3    1004     997    1001
     327       3     997    1004    1003
     328       3     998    1002    1006
     329       3    1009    1008     999
     330       3     999    1000    1009
     331       3    1007    1010    1001
     332       3    1010    1004    1001
     333       3    1011    1005    1002
     334       3    1005    1006    1002
     335       3    1002    1003    1011
     336       3    1011    1003    1004
     337       3    1010    1012    1004
     338       3    1004    1012    1011
     339       3    1013    1014    1005
     340       3    1013    1005    1011
     341       3    1006    1005    1014
     342       3    1015    1007    1008
     343       3    1015    1010    1007
     344       3    1009    1015    1008
     345       3    1017    1010    1015
     346       3    1010    1017    1012
     347       3    1018    1011    1012
     348       3    1018    1013    1011
     349       3    1017    1019    1012
     350       3    1019    1018    1012
     351       3    1020    1013    1018
     352       3    1020    1014    1013
     353       3    1016    1014    1020
     354       3    1021    1017    1015
     355       3    1016    1020    1022
     356       3    1023    1019    1017
     357       3    1023    1017    1021
     358       3    1018    1024    1020
     359       3    1019    1024    1018
     360       3    1024    1019    1023
     361       3    1025    1020    1024
     362       3    1022    1020    1025
     363       3    1027    1023    1021
     364       3    1025    1028    1022
     365       3    1023    1029    1024
     366       3    1023    1026    1029
     367       3    1027    1026    1023
     368       3    1024    1029    1025
     369       3    1029    1028    1025
     370       3    1031    1026    1027
     371       3    1030    1026    1031
     372       3    1029    1026    1030
     373       3    1029    1032    1028
     374       3    1029    1033    1032
     375       3    1033    1029    1030
     376       3    1031    1034    1030
     377       3    1034    1033    1030
     378       3    1035    1032    1033
     379       3    1036    1033    1034
     380       3    1035    1033    1036
     381       3    1035    1036    1037
     382       3    1037    1036    1040
     383       3    1039    1037    1040
     384       3    1042    1038    1041
     385       3    1039    1043    1038
     386       3    1038    1043    1041
     387       3    1039    1040    1043
     388       3    1044    1043    1040
     389       3    1048    1041    1043
     390       3    1041    1048    1049
     391       3    1041    1049    1042
     392       3    1042    1049    1045
     393       3    1050    1043    1044
     394       3    1050    1048    1043
     395       3    1045    1051    1046
     396       3    1051    1045    1049
     397       3    1046    1051    1052
     398       3    1047    1046    1052
     399       3    1048    1050    1053
     400       3    1053    1049    1048
     401       3    1053    1054    1049
     402       3    1051    1049    1054
     403       3    1055    1053    1050
     404       3    1056    1051    1054
     405       3    1052    1051    1056
     406       3    1055    1057    1053
     407       3    1057    1054    1053
     408       3    1057    1056    1054
     409       3    1057    1059    1056
     410       3    1059    1058    1056
     411       3    1060    1058    1059
     412       3    1060    1059    1061
     413       3    1061    1062    1060
     414       3    1063    1062    1061
     415       3    1062    1063    1065
     416       3    1064    1062    1065
     417       3    1064    1065    1066
     418       3    1066    1065    1067
     419       3    1068    1066    1067
     420       3    1067    1069    1068
 0 = Number of open boundaries                                                  
 0 = Total number of open boundary nodes                                        
 4 = Number of land boundaries                                                  
 164 = Total number of land boundary nodes                                      
     142       0       1  Number of nodes for land boundary 1                   
     713
     738
     757
     772
     773
     774
     789
     802
     813
     823
     832
     840
     849
     857
     858
     866
     867
     868
     869
     859
     850
     841
     833
     842
     851
     860
     870
     878
     887
     891
     892
     899
     900
     889
     881
     882
     890
     901
     913
     925
     940
     954
     955
     941
     926
     914
     902
     915
     927
     942
     956
     965
     971
     979
     988
     987
     978
     973
     981
     990
     997
    1001
    1007
    1008
     999
     992
     983
     993
    1000
    1009
    1015
    1021
    1027
    1031
    1034
    1036
    1040
    1044
    1050
    1055
    1057
    1059
    1061
    1063
    1065
    1067
    1069
    1068
    1066
    1064
    1062
    1060
    1058
    1056
    1052
    1047
    1046
    1045
    1042
    1038
    1039
    1037
    1035
    1032
    1028
    1022
    1016
    1014
    1006
     998
     991
     982
     974
     967
     959
     946
     934
     921
     908
     894
     884
     873
     872
     883
     893
     905
     919
     933
     935
     932
     931
     918
     910
     896
     886
     876
     864
     856
     848
     839
     831
     822
       4       0       2  Number of nodes for land boundary 2                   
     690
     714
     715
     716
      15       1       4  Number of nodes for land boundary 4                   
     825
     819
     818
     816
     805
     790
     803
     814
     824
     834
     843
     852
     845
     835
     825
       3       0       5  Number of nodes for land boundary 5                   
     716
     717
     713
