  nc_newport_river_core_cr4_bath    v31.06 iterative         Albemarle-Pamlico Estuar
          2       1069  0.1000000E+001        1     1 FileFmtVersion:    1050624
     2.5920000000E+005          51840
         1     3.7477767028E+000
         2     3.8969041851E+000
         3     3.8539366632E+000
         4     4.0028438833E+000
         5     3.8762364140E+000
         6     4.0013392131E+000
         7     3.8620738892E+000
         8     4.0432303047E+000
         9     3.9184381054E+000
        10     3.7952198855E+000
        11     4.1498026353E+000
        12     3.8827831764E+000
        13     3.7654802904E+000
        14     4.0804383876E+000
        15     3.9333863992E+000
        16     3.8422954465E+000
        17     4.0118933355E+000
        18     3.8703170440E+000
        19     3.9574455936E+000
        20     4.5987592017E+000
        21     4.6778725657E+000
        22     3.7116759666E+000
        23     3.6645754983E+000
        24     4.5516827345E+000
        25     4.7191826562E+000
        26     3.5768807918E+000
        27     3.4421359269E+000
        28     4.4714703668E+000
        29     4.6547171637E+000
        30     3.2603745653E+000
        31     3.3196200919E+000
        32     4.3902785278E+000
        33     4.4488296551E+000
        34     3.1571989841E+000
        35     3.1282171907E+000
        36     4.1853842461E+000
        37     4.3743041843E+000
        38     2.8836225551E+000
        39     2.8509275281E+000
        40     3.8324134868E+000
        41     3.4317037178E+000
        42     4.0780276189E+000
        43     1.3723724756E+000
        44     4.1088111044E+000
        45     2.5779727077E+000
        46     2.8369767040E+000
        47     3.7624540112E+000
        48     3.7738357404E+000
        49     1.1287405119E+000
        50     1.0364943685E+000
        51     3.7686387015E+000
        52     3.7180112242E+000
        53     3.5159237687E+000
        54     2.4386218780E+000
        55     2.4602073669E+000
        56     2.5054629729E+000
        57     3.6118597920E+000
        58     3.5691309455E+000
        59     3.3015466074E+000
        60     3.6848500922E+000
        61     1.0958940318E+000
        62     1.3394592304E+000
        63     3.6010480517E+000
        64     3.2308250623E+000
        65     2.2583641875E+000
        66     2.2431675500E+000
        67     2.3332363291E+000
        68     2.4278199810E+000
        69     3.3197619939E+000
        70     3.1466643462E+000
        71     3.1744415323E+000
        72     3.3162015379E+000
        73     1.8251588778E+000
        74     1.8899096411E+000
        75     2.2850712880E+000
        76     2.7077098962E+000
        77     3.1842484510E+000
        78     3.3750598415E+000
        79     3.0522252223E+000
        80     2.0693827815E+000
        81     2.0599820612E+000
        82     2.1192946675E+000
        83     2.3755177085E+000
        84     2.9322956907E+000
        85     2.8678509073E+000
        86     2.9356766256E+000
        87     2.8928284728E+000
        88     2.3692589814E+000
        89     2.7058265088E+000
        90     2.8380722441E+000
        91     2.7705920415E+000
        92     1.9976292324E+000
        93     1.9710208250E+000
        94     1.9681589531E+000
        95     2.0495737028E+000
        96     2.1004127678E+000
        97     2.7951376396E+000
        98     2.6726331068E+000
        99     2.5825716460E+000
       100     2.2777502350E+000
       101     2.5444101794E+000
       102     2.1953022656E+000
       103     2.9071151929E+000
       104     2.1450961193E+000
       105     2.0630326291E+000
       106     1.6260328197E+000
       107     1.8702660322E+000
       108     1.8843990989E+000
       109     1.9189606843E+000
       110     1.9019942621E+000
       111     1.8854875928E+000
       112     1.8524005277E+000
       113     2.6283116339E+000
       114     2.4476247944E+000
       115     2.4976290859E+000
       116     2.9741626561E+000
       117     2.5021986884E+000
       118     2.0967253503E+000
       119     2.4888827982E+000
       120     2.7733600458E+000
       121     1.9311471531E+000
       122     2.4427660412E+000
       123     1.8808027925E+000
       124     1.0615901123E+000
       125     1.5301145079E+000
       126     1.3767784741E+000
       127     1.5639290184E+000
       128     1.8202827328E+000
       129     1.9012640719E+000
       130     1.6845094023E+000
       131     1.7461139279E+000
       132     2.4738006967E+000
       133     2.3015137759E+000
       134     2.3413090507E+000
       135     2.1363115491E+000
       136     2.1512910045E+000
       137     2.0692994222E+000
       138     2.0215924143E+000
       139     1.7644390119E+000
       140     1.9085337077E+000
       141     1.0096702935E+000
       142     1.1777614021E+000
       143     9.7169550665E-001
       144     9.4916721072E-001
       145     1.5691240129E+000
       146     1.6051380871E+000
       147     1.5761356024E+000
       148     1.4517235011E+000
       149     1.5209230307E+000
       150     1.5080372647E+000
       151     2.2205653683E+000
       152     2.1428941084E+000
       153     2.0768689200E+000
       154     2.1448187945E+000
       155     1.9212768020E+000
       156     2.2415157000E+000
       157     1.4654483738E+000
       158     1.6613596508E+000
       159     1.7684436480E+000
       160     1.1209880639E+000
       161     1.1989344550E+000
       162     9.4156973349E-001
       163     1.1674820194E+000
       164     1.2156143913E+000
       165     1.3905279607E+000
       166     1.1289881250E+000
       167     2.0131608815E+000
       168     1.9065700578E+000
       169     1.8055732437E+000
       170     1.9053601877E+000
       171     1.9045656820E+000
       172     1.1150286454E+000
       173     1.7481839393E+000
       174     1.3256538411E+000
       175     1.4753005017E+000
       176     1.5672754363E+000
       177     9.3519974341E-001
       178     9.1884568533E-001
       179     1.1433647573E+000
       180     1.1580530729E+000
       181     1.0068918042E+000
       182     7.6335345208E-001
       183     4.0337940320E-001
       184     6.6643759049E-001
       185     7.4218167188E-001
       186     6.8470405487E-001
       187     1.0967218647E+000
       188     1.8471266519E+000
       189     1.7839242308E+000
       190     1.6409878099E+000
       191     1.7344809432E+000
       192     2.0209062658E+000
       193     1.7956003479E+000
       194     2.9918286232E+000
       195     1.6810891515E+000
       196     1.2323478020E+000
       197     1.4941001814E+000
       198     1.1792222014E+000
       199     1.5315381266E+000
       200     1.5446450808E+000
       201     1.2517677938E+000
       202     1.3304693057E+000
       203     1.3233168866E+000
       204     7.7964089897E-001
       205     8.7182285298E-001
       206     9.7203125518E-001
       207     8.3963806756E-001
       208     7.4955293512E-001
       209     9.0750224535E-001
       210     7.1916996668E-001
       211     7.0651955214E-001
       212     7.4717984798E-001
       213     7.1078729765E-001
       214     8.7985994452E-001
       215     1.0411659782E+000
       216     9.1856866792E-001
       217     1.7141244019E+000
       218     1.6417442392E+000
       219     1.8015546179E+000
       220     1.5540990999E+000
       221     1.0842117818E+000
       222     1.4953201576E+000
       223     1.3615605238E+000
       224     1.1697830919E+000
       225     1.2567972088E+000
       226     7.6012452049E-001
       227     7.8584817358E-001
       228     7.0870904028E-001
       229     7.1690978142E-001
       230     1.0214948848E+000
       231     1.0882542983E+000
       232     8.2808382672E-001
       233     1.0708223648E+000
       234     7.0488773267E-001
       235     7.2151901462E-001
       236     7.0406807710E-001
       237     6.9248406370E-001
       238     3.4918189775E-001
       239     8.1022566829E-001
       240     2.6509080042E-001
       241     7.6491803550E-001
       242     9.9871799775E-001
       243     8.3266617962E-001
       244     1.5484987012E+000
       245     1.4771872272E+000
       246     1.3962275276E+000
       247     1.3049549130E+000
       248     1.0608778250E+000
       249     7.2059448810E-001
       250     6.9894766964E-001
       251     6.8123810639E-001
       252     6.6793600613E-001
       253     2.6303445444E-001
       254     1.1529202605E+000
       255     1.6332068131E-001
       256     9.1988816674E-001
       257     4.8535821563E-001
       258     9.2458373189E-001
       259     7.8726528352E-001
       260     1.0446223131E+000
       261     6.8799878463E-001
       262     6.5299126163E-001
       263     6.8847354707E-001
       264     2.5229389367E-001
       265     2.4709353939E-001
       266     3.8632639651E-001
       267     6.8517911335E-001
       268     8.5748086203E-001
       269     1.3929372988E+000
       270     1.3029444238E+000
       271     1.1618753628E+000
       272     9.7404275319E-001
       273     6.5364980993E-001
       274     6.5228179089E-001
       275     6.0783604906E-001
       276     6.4441777152E-001
       277     4.2444475774E-001
       278     8.4396996301E-001
       279     5.1156488632E-001
       280     8.1726429882E-001
       281     8.7216998435E-001
       282     8.2919883101E-001
       283     9.0526632371E-001
       284     6.4601227739E-001
       285     6.4923909288E-001
       286     6.2317842571E-001
       287     1.6407627263E+000
       288     6.5518680331E-001
       289     3.6612010248E-001
       290     7.0286827937E-001
       291     8.3201968285E-001
       292     1.5795287415E+000
       293     1.2874398988E+000
       294     1.0692611218E+000
       295     1.8777277241E+000
       296     1.8973967557E+000
       297     5.9456661042E-001
       298     6.3577649362E-001
       299     5.9084000291E-001
       300     3.5190153025E-001
       301     8.5080747897E-001
       302     5.2809628715E-001
       303     7.1793647217E-001
       304     6.5375837560E-001
       305     8.2483288484E-001
       306     5.7371222937E-001
       307     6.5599609343E-001
       308     5.3441785636E-001
       309     8.6389227451E-001
       310     6.0408681777E-001
       311     6.3319292891E-001
       312     4.2919286819E-001
       313     6.8585860582E-001
       314     9.3446251883E-001
       315     1.3746676973E+000
       316     1.1382779424E+000
       317     1.4302250708E+000
       318     5.5237950743E-001
       319     5.2195938728E-001
       320     5.3602060154E-001
       321     3.8763314083E-001
       322     5.1577627406E-001
       323     8.1246974621E-001
       324     7.4880033491E-001
       325     6.1783043556E-001
       326     4.6996394384E-001
       327     4.5480200527E-001
       328     5.2997127964E-001
       329     1.0470453190E+000
       330     6.7580978002E-001
       331     5.3782900623E-001
       332     3.2959221840E-001
       333     7.7353624284E-001
       334     9.4294090883E-001
       335     1.1466371177E+000
       336     5.7531577467E-001
       337     4.5138235649E-001
       338     4.5205623069E-001
       339     1.1355459251E-001
       340     4.2528046899E-001
       341     3.4854787379E-002
       342     3.6692506223E-001
       343     4.1499782306E-001
       344     3.6624498013E-001
       345     2.4240191237E-001
       346     5.6960365753E-001
       347     3.9979740421E-001
       348     2.1470070504E-001
       349     2.4872020579E-002
       350     9.7230460459E-002
       351     5.9770972131E-001
       352     6.9544660346E-001
       353     9.8897612398E-001
       354     1.2025340447E+000
       355     9.3372453939E-001
       356     3.3736565098E-001
       357     2.7388773542E-001
       358     3.6078251795E-001
       359     4.5081062103E-001
       360     4.0451602574E-001
       361     9.7738243158E-002
       362     1.8768851035E-001
       363     3.6896424170E-001
       364     2.8049023627E-001
       365     3.1391549948E-001
       366     2.1084542710E-001
       367     5.7399680254E-003
       368     4.8946532712E-003
       369     1.3192342008E-002
       370     2.4036111922E-002
       371     7.3005174005E-003
       372     9.3355420956E-002
       373     3.2130259626E-001
       374     2.8345417513E-001
       375     2.7013518756E-001
       376     1.2509266439E-001
       377     2.1825541619E-001
       378     6.0387186233E-001
       379     7.7835401420E-001
       380     3.8974389821E-001
       381     0.0000000000E+000
       382     7.0220026138E-001
       383     4.8513573582E-001
       384     7.6197499308E-001
       385     4.1716334463E-001
       386     2.9715901034E-001
       387     3.1743568963E-001
       388     3.9584033337E-001
       389     2.6605374739E-001
       390     5.1873892527E-003
       391     4.8248063791E-003
       392     2.2103716771E-001
       393     8.1102681791E-002
       394     4.8372307340E-003
       395     1.9795931249E-003
       396     4.4665570068E-003
       397     6.3956017058E-004
       398     1.3059259927E-002
       399     4.2391215911E-003
       400     5.6711121166E-002
       401     2.9850292653E-001
       402     1.0736659614E-001
       403     2.3213056360E-001
       404     1.7937480354E-001
       405     4.4454473814E-001
       406     7.0689759892E-001
       407     2.3475781997E-001
       408     4.1200069158E-001
       409     3.5699163326E-001
       410     4.7699679356E-001
       411     4.4902635888E-001
       412     3.3718988458E-001
       413     3.2236300246E-001
       414     2.7254702913E-001
       415     2.5491859105E-001
       416     9.2026716766E-002
       417     2.1960592649E-003
       418     2.5531299916E-003
       419     2.9590967918E-003
       420     2.7383913179E-003
       421     2.0619261913E-003
       422     5.1727668484E-003
       423     2.5339221571E-002
       424     2.1552461398E-002
       425     6.2958525396E-002
       426     2.3460437480E-001
       427     1.2526080824E-001
       428     1.9456611943E-001
       429     4.2428338794E-001
       430     5.6265749636E-001
       431     5.3165510076E-001
       432     4.4297504444E-001
       433     4.5676543643E-001
       434     4.4713729415E-001
       435     3.4135524268E-001
       436     4.2835764525E-001
       437     4.7370149604E-001
       438     3.3116928726E-001
       439     2.9170225644E-001
       440     2.5130546755E-001
       441     1.5207602894E-001
       442     2.0980787713E-003
       443     7.0349698391E-003
       444     2.1512353911E-002
       445     1.8293781280E-002
       446     2.2542123057E-002
       447     5.4078148972E-002
       448     3.8578646457E-002
       449     1.0313141945E-001
       450     2.0864585936E-001
       451     1.6311479462E-001
       452     4.1371361183E-001
       453     1.0927696126E+000
       454     4.8830386543E-001
       455     5.2106413980E-001
       456     5.4557362784E-001
       457     6.3195885558E-001
       458     4.2325646658E-001
       459     3.6715690117E-001
       460     4.0265825894E-001
       461     4.6294685531E-001
       462     3.2828740511E-001
       463     2.8961321480E-001
       464     2.5500196992E-001
       465     1.2302583709E-001
       466     2.7715182032E-002
       467     3.9438621603E-002
       468     4.6967914567E-002
       469     4.6228871418E-002
       470     7.4044896479E-002
       471     7.2207419595E-002
       472     1.1348189682E-001
       473     1.6759507439E-001
       474     2.1785352566E-001
       475     3.3856396565E-001
       476     5.6252712251E-001
       477     4.8783419251E-001
       478     5.4213834358E-001
       479     5.8378722275E-001
       480     6.5947391518E-001
       481     6.7130016698E-001
       482     7.8429276284E-001
       483     9.9472305551E-001
       484     4.5013137063E-001
       485     3.7934963940E-001
       486     3.4464460357E-001
       487     4.8393553055E-001
       488     2.9819054203E-001
       489     2.4677742666E-001
       490     5.8459457822E-002
       491     6.0774420407E-002
       492     6.3577337913E-002
       493     7.9756342846E-002
       494     1.2237251540E-001
       495     1.1716223721E-001
       496     1.6677573066E-001
       497     2.0822617591E-001
       498     2.7241309101E-001
       499     8.4938111867E-001
       500     1.1167217976E+000
       501     1.0946192373E+000
       502     1.0494864003E+000
       503     5.9293204813E-001
       504     5.1934940951E-001
       505     6.7948784864E-001
       506     7.7314095792E-001
       507     8.5098326337E-001
       508     4.2250173275E-001
       509     3.7687600326E-001
       510     3.3107909621E-001
       511     4.7092676925E-001
       512     2.9016347570E-001
       513     2.4722936695E-001
       514     9.1122732209E-002
       515     8.4670374081E-002
       516     9.7683193564E-002
       517     1.2657723169E-001
       518     1.6510052372E-001
       519     1.6783624080E-001
       520     2.1392653812E-001
       521     5.0891968364E-001
       522     6.8492972392E-001
       523     9.6175433192E-001
       524     1.1612921033E+000
       525     9.5256448050E-001
       526     6.2809683045E-001
       527     5.5344158229E-001
       528     5.0524507445E-001
       529     6.8497130183E-001
       530     8.1604303356E-001
       531     4.2113418162E-001
       532     3.8127753137E-001
       533     3.2559504146E-001
       534     4.5840759584E-001
       535     3.4543865409E-001
       536     2.9731350823E-001
       537     2.6558619739E-001
       538     1.0585806126E-001
       539     1.2724795562E-001
       540     1.5264774560E-001
       541     1.8996818111E-001
       542     2.1872506451E-001
       543     2.5985808635E-001
       544     3.5564892159E-001
       545     4.3407561768E-001
       546     8.1844601780E-001
       547     1.2852179791E+000
       548     9.8350278717E-001
       549     8.1194288182E-001
       550     6.0749045660E-001
       551     6.4911209987E-001
       552     5.4883178582E-001
       553     5.0916913487E-001
       554     7.1567297951E-001
       555     4.2364345600E-001
       556     3.7945791792E-001
       557     4.7194165931E-001
       558     3.4343473593E-001
       559     3.8526271127E-001
       560     3.1526692271E-001
       561     1.9252641282E-001
       562     1.9502766292E-001
       563     2.2348119924E-001
       564     2.5184550957E-001
       565     2.8367575121E-001
       566     3.1991156183E-001
       567     5.0221921215E-001
       568     1.3686339005E+000
       569     1.2832136502E+000
       570     1.3542589883E+000
       571     7.4656587368E-001
       572     9.8659786622E-001
       573     8.9300180669E-001
       574     7.9966135162E-001
       575     5.9827463731E-001
       576     6.4756391339E-001
       577     5.5785494339E-001
       578     5.1873517196E-001
       579     6.7261826095E-001
       580     4.3327955132E-001
       581     4.8358802093E-001
       582     3.8110740832E-001
       583     4.3219596500E-001
       584     3.3368694588E-001
       585     2.2377128864E-001
       586     2.4674907338E-001
       587     2.7584250850E-001
       588     3.0654371029E-001
       589     2.7427643632E-001
       590     8.2694538042E-001
       591     1.4801480119E+000
       592     1.0725544438E+000
       593     1.2916567274E+000
       594     1.2689438564E+000
       595     7.4600401113E-001
       596     9.5749464494E-001
       597     8.7095361151E-001
       598     7.9492933580E-001
       599     5.3796229481E-001
       600     6.1482797874E-001
       601     5.7921851629E-001
       602     6.6621920829E-001
       603     4.7959462693E-001
       604     5.2605008792E-001
       605     3.8460166415E-001
       606     4.3034969988E-001
       607     4.8070875451E-001
       608     3.6168097206E-001
       609     2.8557290093E-001
       610     2.9980501313E-001
       611     3.2965558240E-001
       612     2.8006458694E-001
       613     7.3947542596E-001
       614     1.5282621583E+000
       615     1.5859512280E+000
       616     1.6762471275E+000
       617     1.7316104301E+000
       618     1.7884454027E+000
       619     1.3527952307E+000
       620     1.0521129921E+000
       621     1.1263379534E+000
       622     1.1964118005E+000
       623     7.0967740428E-001
       624     9.3390837087E-001
       625     8.8748712186E-001
       626     7.7428984519E-001
       627     5.7856436906E-001
       628     6.3380638409E-001
       629     5.3933063390E-001
       630     4.2029079607E-001
       631     4.7426061911E-001
       632     5.1773217795E-001
       633     3.7674515724E-001
       634     3.2134680439E-001
       635     3.5862438702E-001
       636     3.2662682093E-001
       637     5.3232541832E-001
       638     1.4563188258E+000
       639     1.5217476875E+000
       640     1.5623361875E+000
       641     1.8306698062E+000
       642     1.6829297056E+000
       643     1.3230605780E+000
       644     1.0044634112E+000
       645     1.0978392930E+000
       646     1.1831288977E+000
       647     7.0351698934E-001
       648     9.5727442470E-001
       649     8.6044364370E-001
       650     7.6167464273E-001
       651     6.0197719691E-001
       652     6.5691067705E-001
       653     5.6974823068E-001
       654     4.3368796825E-001
       655     4.6697359817E-001
       656     5.2792672531E-001
       657     4.0024356004E-001
       658     3.8510695354E-001
       659     3.7037981325E-001
       660     4.1746179447E-001
       661     1.3930897749E+000
       662     1.4939092760E+000
       663     1.9118408551E+000
       664     1.7121920644E+000
       665     1.8613240440E+000
       666     1.9238472231E+000
       667     1.9963897784E+000
       668     1.9946966249E+000
       669     1.5454186208E+000
       670     1.2515798028E+000
       671     1.0321886237E+000
       672     1.1360788556E+000
       673     7.3191134785E-001
       674     9.3928085429E-001
       675     8.2034659691E-001
       676     6.3446068374E-001
       677     7.0214067231E-001
       678     5.9002436462E-001
       679     4.5880209247E-001
       680     5.1422818871E-001
       681     5.6187418257E-001
       682     4.4168725617E-001
       683     1.4895288375E+000
       684     1.2496318178E+000
       685     4.2502502061E-001
       686     4.2197527913E-001
       687     1.3700667364E+000
       688     1.9741333822E+000
       689     2.1274964167E+000
       690     1.9486558322E+000
       691     1.7775455617E+000
       692     1.6479089541E+000
       693     1.8569382508E+000
       694     1.8658217402E+000
       695     1.9558198461E+000
       696     1.4629039228E+000
       697     1.2334271381E+000
       698     1.0120408631E+000
       699     1.1136591418E+000
       700     7.7831098439E-001
       701     9.1184961764E-001
       702     6.5696171306E-001
       703     7.3524614825E-001
       704     6.4332670732E-001
       705     5.9614202325E-001
       706     4.8778691198E-001
       707     5.5387375794E-001
       708     4.8947446310E-001
       709     5.3830365668E-001
       710     4.8002283037E-001
       711     8.7546850605E-001
       712     1.3088813777E+000
       713     2.2744336296E+000
       714     2.2684403894E+000
       715     1.7601184786E+000
       716     2.0060316176E+000
       717     2.4114716477E+000
       718     1.9210474557E+000
       719     1.9893290545E+000
       720     1.9908117513E+000
       721     1.7063628032E+000
       722     1.5408754439E+000
       723     1.7733771460E+000
       724     1.8387050300E+000
       725     1.3865696600E+000
       726     1.1994331290E+000
       727     1.0039831137E+000
       728     1.0921667757E+000
       729     8.4726615032E-001
       730     9.3367492471E-001
       731     6.9547888149E-001
       732     7.9991309337E-001
       733     6.5988146684E-001
       734     6.1761150000E-001
       735     5.5886441195E-001
       736     5.5437738663E-001
       737     1.2761339786E+000
       738     2.0701391994E+000
       739     1.8951881045E+000
       740     2.1571844291E+000
       741     1.9423441530E+000
       742     1.8468218762E+000
       743     1.9288508558E+000
       744     1.6122468822E+000
       745     1.4810140925E+000
       746     1.6753804564E+000
       747     1.7569680493E+000
       748     1.3375180385E+000
       749     1.1652050790E+000
       750     1.0353022870E+000
       751     9.1735878066E-001
       752     7.8879004519E-001
       753     7.0857012671E-001
       754     5.8371135858E-001
       755     1.2360361708E+000
       756     2.0318239342E+000
       757     2.1915292884E+000
       758     1.9796091277E+000
       759     1.4107737833E+000
       760     1.9267891716E+000
       761     1.7941920811E+000
       762     1.5233534676E+000
       763     1.6132369938E+000
       764     1.3241671715E+000
       765     1.1350126959E+000
       766     9.9295579014E-001
       767     9.0888948684E-001
       768     8.2715171060E-001
       769     7.1927500377E-001
       770     1.2182555763E+000
       771     1.9892589213E+000
       772     2.0640115901E+000
       773     2.0862201814E+000
       774     2.1814252392E+000
       775     1.9087921797E+000
       776     1.4099830254E+000
       777     1.7368379806E+000
       778     1.6242576723E+000
       779     1.5125402858E+000
       780     1.3036667673E+000
       781     1.0961281291E+000
       782     9.8989852353E-001
       783     9.1237531384E-001
       784     8.6096084883E-001
       785     1.1773023105E+000
       786     1.1867088404E+000
       787     1.9292554989E+000
       788     1.9756228998E+000
       789     2.1029191411E+000
       790     1.9869829359E+000
       791     1.7995879302E+000
       792     1.3853388657E+000
       793     1.6177955532E+000
       794     1.4706678183E+000
       795     1.2890345700E+000
       796     1.0849503722E+000
       797     9.8130253809E-001
       798     9.1991670428E-001
       799     7.5902189647E-001
       800     1.0701068687E+000
       801     1.1876405456E+000
       802     2.1760245621E+000
       803     1.9782331199E+000
       804     1.7865300462E+000
       805     1.9382200833E+000
       806     1.5742340133E+000
       807     1.3591486421E+000
       808     1.4412451080E+000
       809     1.2758289171E+000
       810     1.0862888132E+000
       811     9.9318055490E-001
       812     1.1863554578E+000
       813     1.9755542241E+000
       814     2.0226077976E+000
       815     1.5763549243E+000
       816     1.6476567088E+000
       817     1.4695208412E+000
       818     1.6344622949E+000
       819     1.5688268004E+000
       820     1.3597191047E+000
       821     1.2473442419E+000
       822     1.1183080199E+000
       823     2.0508978233E+000
       824     1.9337538828E+000
       825     1.6582541764E+000
       826     1.4976881559E+000
       827     1.4152481718E+000
       828     1.4990719018E+000
       829     1.5504306628E+000
       830     1.2927616744E+000
       831     1.1820180271E+000
       832     2.1038959666E+000
       833     1.5732337390E+000
       834     1.7761304629E+000
       835     1.6357677939E+000
       836     1.5579109102E+000
       837     1.3998300756E+000
       838     1.4285328287E+000
       839     1.2835339921E+000
       840     1.9243277745E+000
       841     1.5611685023E+000
       842     1.8061426986E+000
       843     1.6520202143E+000
       844     1.7492162884E+000
       845     1.6548249898E+000
       846     1.4922231190E+000
       847     1.4503932007E+000
       848     1.3806658417E+000
       849     1.8321894639E+000
       850     1.6355397816E+000
       851     1.3840780062E+000
       852     1.5025265702E+000
       853     1.5775009530E+000
       854     1.6531717524E+000
       855     1.4660696152E+000
       856     1.3715632031E+000
       857     1.6378017857E+000
       858     1.6119513256E+000
       859     1.7424875044E+000
       860     1.3499091668E+000
       861     1.5126886807E+000
       862     1.4404435066E+000
       863     1.4363206280E+000
       864     1.3242097527E+000
       865     1.5355494761E+000
       866     1.6939422839E+000
       867     1.5963544688E+000
       868     1.5815773043E+000
       869     1.6408691703E+000
       870     1.3808018684E+000
       871     1.4316680702E+000
       872     4.1098290298E-001
       873     3.6575279983E-001
       874     1.3783424190E+000
       875     1.2765553549E+000
       876     1.3412343667E+000
       877     1.5559982103E+000
       878     1.4005361614E+000
       879     1.4011726207E+000
       880     1.2902379355E+000
       881     9.1711591148E-001
       882     8.8239517641E-001
       883     4.0207374272E-001
       884     5.8341758512E-001
       885     1.1944997788E+000
       886     1.2065505089E+000
       887     1.2772974849E+000
       888     1.1425223153E+000
       889     1.0369753413E+000
       890     9.3596220590E-001
       891     1.1515278471E+000
       892     1.0331651287E+000
       893     4.3187545616E-001
       894     5.6625693507E-001
       895     1.0293646982E+000
       896     1.0173374112E+000
       897     1.0676069670E+000
       898     1.0107962860E+000
       899     1.1690845325E+000
       900     1.2377198663E+000
       901     8.6389166684E-001
       902     1.8611419801E+000
       903     9.7789052251E-001
       904     9.4334039887E-001
       905     4.3151203048E-001
       906     4.1627022995E-001
       907     4.2422730193E-001
       908     5.3451238690E-001
       909     8.7997178811E-001
       910     8.7637626537E-001
       911     8.8466228413E-001
       912     8.1904845183E-001
       913     9.7134285357E-001
       914     1.7480646276E+000
       915     1.9205266272E+000
       916     8.6564456215E-001
       917     8.5059225172E-001
       918     6.8441928742E-001
       919     4.6887058461E-001
       920     4.2640711825E-001
       921     7.2272296208E-001
       922     7.7956477009E-001
       923     7.0958440678E-001
       924     7.8843884070E-001
       925     8.5140363598E-001
       926     1.3685355122E+000
       927     1.6548167769E+000
       928     7.7560172983E-001
       929     7.3817094868E-001
       930     6.7072418519E-001
       931     8.1414915840E-001
       932     6.6171462093E-001
       933     4.4570607839E-001
       934     5.4128330803E-001
       935     4.8326224708E-001
       936     6.5720751831E-001
       937     6.3618335254E-001
       938     6.7223196024E-001
       939     6.4974183329E-001
       940     7.5511239248E-001
       941     9.9025304569E-001
       942     1.3420636207E+000
       943     6.4962384983E-001
       944     5.6862195790E-001
       945     5.2238874977E-001
       946     4.6288430083E-001
       947     5.2045005111E-001
       948     5.8938677339E-001
       949     5.5448858619E-001
       950     5.7900914726E-001
       951     6.0299101146E-001
       952     5.6659580532E-001
       953     5.8619919243E-001
       954     6.5100976217E-001
       955     6.8418498404E-001
       956     1.0136795991E+000
       957     5.3648334284E-001
       958     5.2316240950E-001
       959     4.7185317093E-001
       960     5.0008145964E-001
       961     5.0544825451E-001
       962     5.1390849579E-001
       963     5.1306937149E-001
       964     5.1431628693E-001
       965     5.9388756303E-001
       966     4.8663790253E-001
       967     4.9944974558E-001
       968     4.7169859899E-001
       969     4.7268970581E-001
       970     4.8161974133E-001
       971     4.8915241757E-001
       972     4.6573205379E-001
       973     1.8737211092E+000
       974     4.6169534917E-001
       975     4.5243124976E-001
       976     4.5924676246E-001
       977     4.6861605961E-001
       978     1.6544179290E+000
       979     4.6713201564E-001
       980     4.4934072364E-001
       981     1.7421717127E+000
       982     4.4659809929E-001
       983     2.6063501262E+000
       984     4.3818332226E-001
       985     4.3685927508E-001
       986     5.1350377793E-001
       987     9.9682849965E-001
       988     6.1219653540E-001
       989     5.4132345336E-001
       990     1.3163722478E+000
       991     4.2958315621E-001
       992     2.3417158113E+000
       993     2.3937171261E+000
       994     5.1255613431E-001
       995     7.5381994661E-001
       996     6.6514239188E-001
       997     9.8762334101E-001
       998     5.8872650895E-001
       999     2.2087048123E+000
      1000     2.2336595264E+000
      1001     1.0101083928E+000
      1002     7.7290651785E-001
      1003     8.1893429604E-001
      1004     1.0631602733E+000
      1005     9.4324581251E-001
      1006     8.1549533814E-001
      1007     1.5294291633E+000
      1008     1.7962840330E+000
      1009     1.9464932877E+000
      1010     1.2601920145E+000
      1011     9.9363340894E-001
      1012     1.1942102509E+000
      1013     1.1224347846E+000
      1014     1.0824746204E+000
      1015     1.5241158480E+000
      1016     1.2854780582E+000
      1017     1.2986542362E+000
      1018     1.2329413302E+000
      1019     1.3870910677E+000
      1020     1.3120431368E+000
      1021     1.4129772546E+000
      1022     1.4671211881E+000
      1023     1.5406486373E+000
      1024     1.3958445755E+000
      1025     1.5347460412E+000
      1026     1.6865831367E+000
      1027     1.5957387320E+000
      1028     1.6580895046E+000
      1029     1.6437737424E+000
      1030     1.7668093211E+000
      1031     1.8764555009E+000
      1032     1.8333130112E+000
      1033     1.9302032676E+000
      1034     1.9509431202E+000
      1035     1.8299520424E+000
      1036     2.0929107154E+000
      1037     2.1618134357E+000
      1038     2.7283330946E+000
      1039     2.6509379374E+000
      1040     2.4160938090E+000
      1041     2.8681753946E+000
      1042     3.0010784309E+000
      1043     2.7435917675E+000
      1044     2.5315218634E+000
      1045     3.2086122583E+000
      1046     3.4159734826E+000
      1047     3.5715946100E+000
      1048     2.7116369124E+000
      1049     2.9325168202E+000
      1050     2.7024626534E+000
      1051     3.0749288591E+000
      1052     3.2104031888E+000
      1053     2.8812192387E+000
      1054     2.9351002913E+000
      1055     2.6744204822E+000
      1056     3.1141320841E+000
      1057     2.7121845754E+000
      1058     3.1489487765E+000
      1059     2.9025834839E+000
      1060     3.0679895354E+000
      1061     2.7754148600E+000
      1062     2.8587390306E+000
      1063     2.7772405078E+000
      1064     2.7489217073E+000
      1065     2.7028095678E+000
      1066     2.4939699796E+000
      1067     2.5579944735E+000
      1068     2.3938592339E+000
      1069     2.2512550724E+000
     2.5920000000E+005          51840
         1     1.7179000000E+005
         2     1.7180000000E+005
         3     1.7190500000E+005
         4     1.7169000000E+005
         5     1.7222500000E+005
         6     1.7252000000E+005
         7     1.7322000000E+005
         8     1.7333000000E+005
         9     1.7363000000E+005
        10     1.7349500000E+005
        11     1.7341500000E+005
        12     1.7381000000E+005
        13     1.7381000000E+005
        14     1.7401500000E+005
        15     1.7406500000E+005
        16     1.7372000000E+005
        17     1.7379000000E+005
        18     1.7408500000E+005
        19     1.7457500000E+005
        20     1.8147500000E+005
        21     1.8158000000E+005
        22     1.7449000000E+005
        23     1.7438000000E+005
        24     1.8165000000E+005
        25     1.8148000000E+005
        26     1.7445000000E+005
        27     1.7494000000E+005
        28     1.8151500000E+005
        29     1.8149500000E+005
        30     1.7202000000E+005
        31     1.7329000000E+005
        32     1.8186000000E+005
        33     1.8121000000E+005
        34     1.7595000000E+005
        35     1.7133500000E+005
        36     1.8169500000E+005
        37     1.8189000000E+005
        38     1.7360000000E+005
        39     1.7303500000E+005
        40     1.8149000000E+005
        41     1.8165000000E+005
        42     1.8094000000E+005
        43     2.0522000000E+005
        44     1.7268000000E+005
        45     1.7390500000E+005
        46     1.7011000000E+005
        47     1.8153000000E+005
        48     1.8145000000E+005
        49     2.0180500000E+005
        50     2.0577000000E+005
        51     1.7315000000E+005
        52     1.7332000000E+005
        53     1.7349000000E+005
        54     1.6992000000E+005
        55     1.7035500000E+005
        56     1.7038000000E+005
        57     1.8144500000E+005
        58     1.8046000000E+005
        59     1.7864000000E+005
        60     1.7833000000E+005
        61     1.7980500000E+005
        62     1.8012000000E+005
        63     1.7304000000E+005
        64     1.7391000000E+005
        65     1.7267500000E+005
        66     1.7086500000E+005
        67     1.7072500000E+005
        68     1.6977000000E+005
        69     1.8132000000E+005
        70     1.7855500000E+005
        71     1.7884500000E+005
        72     1.7942500000E+005
        73     1.8270500000E+005
        74     1.8075500000E+005
        75     1.7861500000E+005
        76     1.8055500000E+005
        77     1.7479000000E+005
        78     1.7635500000E+005
        79     1.7063000000E+005
        80     1.7043500000E+005
        81     1.7266000000E+005
        82     1.7000500000E+005
        83     1.6987500000E+005
        84     1.7932500000E+005
        85     1.7857500000E+005
        86     1.7940000000E+005
        87     1.8068000000E+005
        88     1.7907000000E+005
        89     1.7898000000E+005
        90     1.7412500000E+005
        91     1.7561500000E+005
        92     1.7213000000E+005
        93     1.7345000000E+005
        94     1.7329500000E+005
        95     1.6993000000E+005
        96     1.7027500000E+005
        97     1.7864500000E+005
        98     1.7972000000E+005
        99     1.7933000000E+005
       100     1.7944000000E+005
       101     1.7856500000E+005
       102     1.6842500000E+005
       103     1.7032500000E+005
       104     1.7124000000E+005
       105     1.6383500000E+005
       106     1.6361000000E+005
       107     1.7235000000E+005
       108     1.7328000000E+005
       109     1.7350500000E+005
       110     1.7342500000E+005
       111     1.6960000000E+005
       112     1.7014500000E+005
       113     1.7841000000E+005
       114     1.7999500000E+005
       115     1.7857000000E+005
       116     1.7714500000E+005
       117     1.7745000000E+005
       118     1.7929000000E+005
       119     1.7844000000E+005
       120     1.6990000000E+005
       121     1.6895500000E+005
       122     1.6968500000E+005
       123     1.6932500000E+005
       124     1.8577000000E+005
       125     1.6406500000E+005
       126     1.6412500000E+005
       127     1.6464500000E+005
       128     1.7339000000E+005
       129     1.7374000000E+005
       130     1.6943000000E+005
       131     1.6994000000E+005
       132     1.7780500000E+005
       133     1.7813000000E+005
       134     1.7925000000E+005
       135     1.7819500000E+005
       136     1.7790500000E+005
       137     1.7909500000E+005
       138     1.6961500000E+005
       139     1.6902000000E+005
       140     1.6955500000E+005
       141     1.6442500000E+005
       142     1.6477500000E+005
       143     1.6391500000E+005
       144     1.8780500000E+005
       145     1.6543500000E+005
       146     1.7436000000E+005
       147     1.6862500000E+005
       148     1.6929500000E+005
       149     1.6972500000E+005
       150     1.6581500000E+005
       151     1.7815500000E+005
       152     1.7790000000E+005
       153     1.7786500000E+005
       154     1.7809000000E+005
       155     1.6959500000E+005
       156     1.6947000000E+005
       157     1.6874000000E+005
       158     1.6932500000E+005
       159     1.6964500000E+005
       160     1.6576500000E+005
       161     1.6578000000E+005
       162     1.8464000000E+005
       163     1.6598500000E+005
       164     1.6764500000E+005
       165     1.6842000000E+005
       166     1.6602500000E+005
       167     1.7799500000E+005
       168     1.7775500000E+005
       169     1.7433500000E+005
       170     1.7779500000E+005
       171     1.7885500000E+005
       172     1.7742000000E+005
       173     1.6986000000E+005
       174     1.6878000000E+005
       175     1.6922500000E+005
       176     1.6962000000E+005
       177     1.6539000000E+005
       178     1.6597000000E+005
       179     1.6780500000E+005
       180     1.6841500000E+005
       181     1.6679500000E+005
       182     1.8182500000E+005
       183     1.9969000000E+005
       184     1.8293000000E+005
       185     1.8151000000E+005
       186     1.8315000000E+005
       187     1.6858500000E+005
       188     1.7743000000E+005
       189     1.7703000000E+005
       190     1.7469500000E+005
       191     1.7589000000E+005
       192     1.7502000000E+005
       193     1.7689000000E+005
       194     1.7650000000E+005
       195     1.7643500000E+005
       196     1.7942500000E+005
       197     1.7899500000E+005
       198     1.8266000000E+005
       199     1.7499500000E+005
       200     1.7496500000E+005
       201     1.6928000000E+005
       202     1.6967500000E+005
       203     1.7517000000E+005
       204     1.8193000000E+005
       205     1.6612000000E+005
       206     1.6720500000E+005
       207     1.6708000000E+005
       208     1.8388000000E+005
       209     1.9923000000E+005
       210     1.9733000000E+005
       211     1.8350500000E+005
       212     1.8220500000E+005
       213     1.8385000000E+005
       214     1.6789000000E+005
       215     1.7560500000E+005
       216     1.6890500000E+005
       217     1.7674500000E+005
       218     1.7529000000E+005
       219     1.7671500000E+005
       220     1.7668500000E+005
       221     1.8316000000E+005
       222     1.7538500000E+005
       223     1.7521500000E+005
       224     1.7544000000E+005
       225     1.7543000000E+005
       226     1.8225000000E+005
       227     1.6696000000E+005
       228     1.8391500000E+005
       229     1.8176500000E+005
       230     1.9919500000E+005
       231     1.9994000000E+005
       232     1.9906500000E+005
       233     1.9994000000E+005
       234     1.8420000000E+005
       235     1.9780000000E+005
       236     1.8436000000E+005
       237     1.8364500000E+005
       238     2.0259500000E+005
       239     2.0256000000E+005
       240     2.0214000000E+005
       241     1.6847500000E+005
       242     1.7557500000E+005
       243     1.7616500000E+005
       244     1.7597500000E+005
       245     1.7701500000E+005
       246     1.7584500000E+005
       247     1.7569000000E+005
       248     1.7563000000E+005
       249     1.8435000000E+005
       250     1.8407500000E+005
       251     1.8605500000E+005
       252     1.8455500000E+005
       253     2.0260500000E+005
       254     1.9995000000E+005
       255     2.0227000000E+005
       256     2.0055000000E+005
       257     2.0138000000E+005
       258     1.9913500000E+005
       259     1.9901000000E+005
       260     2.0001000000E+005
       261     1.8482000000E+005
       262     1.9721500000E+005
       263     1.8416500000E+005
       264     2.0227500000E+005
       265     4.5500000000E+003
       266     2.0251500000E+005
       267     1.7676000000E+005
       268     1.7622500000E+005
       269     1.7634000000E+005
       270     1.7627500000E+005
       271     1.7615500000E+005
       272     1.7627000000E+005
       273     1.8497500000E+005
       274     1.8566000000E+005
       275     1.8619500000E+005
       276     1.8588000000E+005
       277     2.0283500000E+005
       278     2.0011500000E+005
       279     2.0183000000E+005
       280     2.0092000000E+005
       281     1.9910500000E+005
       282     1.9872500000E+005
       283     1.9976000000E+005
       284     1.8541500000E+005
       285     1.8492500000E+005
       286     1.8561000000E+005
       287     2.0255000000E+005
       288     2.0248500000E+005
       289     2.0269500000E+005
       290     1.7648500000E+005
       291     1.7656000000E+005
       292     1.7401000000E+005
       293     1.7635500000E+005
       294     1.7654000000E+005
       295     1.7583000000E+005
       296     1.7514500000E+005
       297     1.8595500000E+005
       298     1.8585000000E+005
       299     1.8653000000E+005
       300     2.0281000000E+005
       301     2.0019000000E+005
       302     2.0196500000E+005
       303     1.9934500000E+005
       304     1.9854500000E+005
       305     1.9958500000E+005
       306     1.8633000000E+005
       307     1.8555500000E+005
       308     1.8632500000E+005
       309     2.0263000000E+005
       310     2.0291500000E+005
       311     2.0269000000E+005
       312     2.0340000000E+005
       313     1.7696000000E+005
       314     1.7720500000E+005
       315     1.7675000000E+005
       316     1.7715000000E+005
       317     1.7276500000E+005
       318     1.7692000000E+005
       319     1.8665500000E+005
       320     1.8673500000E+005
       321     2.0340000000E+005
       322     2.0081000000E+005
       323     1.9936500000E+005
       324     1.9879500000E+005
       325     1.9984500000E+005
       326     1.8661500000E+005
       327     1.9800500000E+005
       328     1.9837500000E+005
       329     2.0272500000E+005
       330     2.0305000000E+005
       331     2.0340500000E+005
       332     2.0338000000E+005
       333     1.7710500000E+005
       334     1.7734500000E+005
       335     1.7785000000E+005
       336     1.7715000000E+005
       337     1.8710000000E+005
       338     1.8687500000E+005
       339     2.0262500000E+005
       340     1.9949500000E+005
       341     1.4555000000E+005
       342     1.9780500000E+005
       343     1.9810000000E+005
       344     1.9864000000E+005
       345     1.9935500000E+005
       346     2.0306500000E+005
       347     2.0413500000E+005
       348     2.0312500000E+005
       349     2.0309000000E+005
       350     2.0299500000E+005
       351     2.0344000000E+005
       352     1.7715500000E+005
       353     1.7495500000E+005
       354     1.7502500000E+005
       355     1.9818500000E+005
       356     2.3216000000E+005
       357     2.3221000000E+005
       358     2.3192000000E+005
       359     1.7731000000E+005
       360     1.9739500000E+005
       361     2.0337500000E+005
       362     1.9995500000E+005
       363     1.9813500000E+005
       364     1.9879500000E+005
       365     1.9944500000E+005
       366     2.0329500000E+005
       367     7.5800000000E+003
       368     2.0342000000E+005
       369     2.0415500000E+005
       370     2.3188500000E+005
       371     8.1750000000E+003
       372     2.0341500000E+005
       373     2.3212500000E+005
       374     2.3207500000E+005
       375     2.3190000000E+005
       376     2.3147500000E+005
       377     2.3197000000E+005
       378     1.7713500000E+005
       379     1.7734500000E+005
       380     2.3213500000E+005
       381     5.0000000000E+000
       382     2.3173500000E+005
       383     2.3151500000E+005
       384     2.3151500000E+005
       385     2.3228500000E+005
       386     2.3197000000E+005
       387     2.3247000000E+005
       388     1.9770500000E+005
       389     1.9807000000E+005
       390     7.4750000000E+003
       391     8.0545000000E+004
       392     1.9884500000E+005
       393     1.9955000000E+005
       394     5.5800000000E+003
       395     7.4300000000E+003
       396     7.6100000000E+003
       397     5.3300000000E+003
       398     2.5327500000E+005
       399     2.5746500000E+005
       400     2.3193500000E+005
       401     2.3190500000E+005
       402     2.3158000000E+005
       403     2.3167000000E+005
       404     2.3169000000E+005
       405     1.7602000000E+005
       406     1.7720000000E+005
       407     2.3252500000E+005
       408     2.3202500000E+005
       409     2.3178000000E+005
       410     2.3163000000E+005
       411     2.3158000000E+005
       412     2.3209000000E+005
       413     2.3186500000E+005
       414     2.3158000000E+005
       415     1.7567000000E+005
       416     1.9854500000E+005
       417     7.9850000000E+003
       418     8.2250000000E+003
       419     8.5900000000E+003
       420     8.6850000000E+003
       421     7.4450000000E+003
       422     2.5920000000E+005
       423     2.5269500000E+005
       424     2.5236000000E+005
       425     2.3235000000E+005
       426     2.3148000000E+005
       427     2.3141000000E+005
       428     2.3138500000E+005
       429     1.7585000000E+005
       430     1.7620000000E+005
       431     2.3141500000E+005
       432     2.3180500000E+005
       433     2.3102500000E+005
       434     2.3182500000E+005
       435     2.3189000000E+005
       436     2.3196000000E+005
       437     2.3141000000E+005
       438     2.3164500000E+005
       439     2.3163500000E+005
       440     2.3160000000E+005
       441     1.7544000000E+005
       442     8.6200000000E+003
       443     2.5920000000E+005
       444     2.5604000000E+005
       445     2.5299500000E+005
       446     2.5591500000E+005
       447     2.3252500000E+005
       448     2.5317000000E+005
       449     2.3235000000E+005
       450     2.3160000000E+005
       451     2.3230000000E+005
       452     1.7574000000E+005
       453     1.7453500000E+005
       454     2.3130500000E+005
       455     2.3102000000E+005
       456     2.3077500000E+005
       457     2.3065000000E+005
       458     2.3215000000E+005
       459     2.3186000000E+005
       460     2.3212000000E+005
       461     2.3121000000E+005
       462     2.3171000000E+005
       463     2.3156500000E+005
       464     2.3160500000E+005
       465     1.7549000000E+005
       466     2.5673500000E+005
       467     2.5339500000E+005
       468     2.5345500000E+005
       469     2.5330000000E+005
       470     2.3242000000E+005
       471     2.3313000000E+005
       472     2.3268000000E+005
       473     2.3222500000E+005
       474     2.3187500000E+005
       475     1.7561500000E+005
       476     1.7620000000E+005
       477     2.3155500000E+005
       478     2.3015500000E+005
       479     2.2970500000E+005
       480     2.3023000000E+005
       481     2.2839500000E+005
       482     2.2899500000E+005
       483     2.2847000000E+005
       484     2.3135000000E+005
       485     2.3162500000E+005
       486     2.3166000000E+005
       487     2.3138500000E+005
       488     2.3171500000E+005
       489     2.3183000000E+005
       490     2.5298500000E+005
       491     2.5330500000E+005
       492     2.5155000000E+005
       493     2.4900000000E+005
       494     2.3282000000E+005
       495     2.3307500000E+005
       496     2.3254500000E+005
       497     2.3219000000E+005
       498     1.7553500000E+005
       499     1.7469500000E+005
       500     1.7500500000E+005
       501     2.2778500000E+005
       502     2.2709500000E+005
       503     2.2955000000E+005
       504     2.3060000000E+005
       505     2.2955000000E+005
       506     2.2928500000E+005
       507     2.2821000000E+005
       508     2.3119000000E+005
       509     2.3181000000E+005
       510     2.3181500000E+005
       511     2.3081000000E+005
       512     2.3197500000E+005
       513     2.3220500000E+005
       514     2.5022500000E+005
       515     2.4996000000E+005
       516     2.4934500000E+005
       517     2.3307500000E+005
       518     2.3298000000E+005
       519     2.3307500000E+005
       520     2.3270000000E+005
       521     1.7542500000E+005
       522     1.7519000000E+005
       523     2.2805500000E+005
       524     2.2610000000E+005
       525     2.2715000000E+005
       526     2.2924500000E+005
       527     2.3055500000E+005
       528     2.3064000000E+005
       529     2.2901000000E+005
       530     2.2867000000E+005
       531     2.3190000000E+005
       532     2.3191500000E+005
       533     2.3191000000E+005
       534     2.3112500000E+005
       535     2.3216500000E+005
       536     2.3224500000E+005
       537     2.3250000000E+005
       538     2.4531500000E+005
       539     2.4539000000E+005
       540     2.3325000000E+005
       541     2.3299000000E+005
       542     2.3300500000E+005
       543     2.3284000000E+005
       544     1.7568000000E+005
       545     1.7597500000E+005
       546     2.2700000000E+005
       547     2.2560000000E+005
       548     2.2572000000E+005
       549     2.2670000000E+005
       550     2.2989500000E+005
       551     2.3018000000E+005
       552     2.3075000000E+005
       553     2.3112000000E+005
       554     2.2689000000E+005
       555     2.3167500000E+005
       556     2.3202500000E+005
       557     2.3123500000E+005
       558     2.3236500000E+005
       559     2.3202000000E+005
       560     2.3270000000E+005
       561     2.4459000000E+005
       562     2.3411500000E+005
       563     2.3338000000E+005
       564     2.3309000000E+005
       565     2.3301500000E+005
       566     1.7614500000E+005
       567     1.7590500000E+005
       568     2.2499500000E+005
       569     2.2415500000E+005
       570     2.2362000000E+005
       571     2.2660000000E+005
       572     2.2527000000E+005
       573     2.2524500000E+005
       574     2.2628000000E+005
       575     2.3015000000E+005
       576     2.2766000000E+005
       577     2.3068500000E+005
       578     2.3081500000E+005
       579     2.2674000000E+005
       580     2.3176500000E+005
       581     2.3149500000E+005
       582     2.3262000000E+005
       583     2.3180000000E+005
       584     2.3286500000E+005
       585     2.3446500000E+005
       586     2.3391000000E+005
       587     2.3339500000E+005
       588     2.3296500000E+005
       589     1.7590000000E+005
       590     1.7622000000E+005
       591     2.2368500000E+005
       592     2.2472500000E+005
       593     2.2428000000E+005
       594     2.2372500000E+005
       595     2.2633000000E+005
       596     2.2479500000E+005
       597     2.2495000000E+005
       598     2.2550000000E+005
       599     2.3079000000E+005
       600     2.3038000000E+005
       601     2.3040500000E+005
       602     2.2693500000E+005
       603     2.3158000000E+005
       604     2.3113500000E+005
       605     2.3275500000E+005
       606     2.3252000000E+005
       607     2.3176500000E+005
       608     2.3272500000E+005
       609     2.3423000000E+005
       610     2.3413000000E+005
       611     2.3275500000E+005
       612     2.3503500000E+005
       613     1.7721500000E+005
       614     2.2325000000E+005
       615     2.2297500000E+005
       616     2.2244500000E+005
       617     2.2184500000E+005
       618     2.2152500000E+005
       619     2.2336000000E+005
       620     2.2453000000E+005
       621     2.2400500000E+005
       622     2.2344500000E+005
       623     2.2656500000E+005
       624     2.2445000000E+005
       625     2.2449500000E+005
       626     2.2593500000E+005
       627     2.3043000000E+005
       628     2.3037000000E+005
       629     2.3085000000E+005
       630     2.3264500000E+005
       631     2.3248500000E+005
       632     2.3137000000E+005
       633     2.3258500000E+005
       634     2.3448500000E+005
       635     2.3250000000E+005
       636     2.3517500000E+005
       637     1.7699500000E+005
       638     2.2323500000E+005
       639     2.2259500000E+005
       640     2.2215000000E+005
       641     2.2127000000E+005
       642     2.2174500000E+005
       643     2.2317000000E+005
       644     2.2404500000E+005
       645     2.2334000000E+005
       646     2.2302500000E+005
       647     2.2756500000E+005
       648     2.2407500000E+005
       649     2.2442000000E+005
       650     2.2571000000E+005
       651     2.3029000000E+005
       652     2.2775000000E+005
       653     2.2966500000E+005
       654     2.3260000000E+005
       655     2.3254500000E+005
       656     2.3169000000E+005
       657     2.3266500000E+005
       658     2.3436000000E+005
       659     2.3449500000E+005
       660     1.7742000000E+005
       661     2.2264000000E+005
       662     2.2246000000E+005
       663     2.2124000000E+005
       664     2.2140000000E+005
       665     2.2097500000E+005
       666     2.2101000000E+005
       667     2.2070000000E+005
       668     2.2062000000E+005
       669     2.2188000000E+005
       670     2.2277000000E+005
       671     2.2378000000E+005
       672     2.2308000000E+005
       673     2.2582000000E+005
       674     2.2390500000E+005
       675     2.2423500000E+005
       676     2.2809000000E+005
       677     2.2778000000E+005
       678     2.2847500000E+005
       679     2.3255500000E+005
       680     2.2890000000E+005
       681     2.2881000000E+005
       682     2.3389500000E+005
       683     1.8009000000E+005
       684     1.7948000000E+005
       685     2.3402500000E+005
       686     2.3406500000E+005
       687     2.2245000000E+005
       688     2.2042500000E+005
       689     2.2015000000E+005
       690     2.2007500000E+005
       691     2.2133000000E+005
       692     2.2144000000E+005
       693     2.2110000000E+005
       694     2.2076000000E+005
       695     2.2064500000E+005
       696     2.2208000000E+005
       697     2.2268500000E+005
       698     2.2320500000E+005
       699     2.2290500000E+005
       700     2.2570500000E+005
       701     2.2376500000E+005
       702     2.2809500000E+005
       703     2.2600500000E+005
       704     2.2855000000E+005
       705     2.2876000000E+005
       706     2.2932000000E+005
       707     2.2894500000E+005
       708     2.2958000000E+005
       709     2.2830500000E+005
       710     2.2986000000E+005
       711     2.2979500000E+005
       712     2.2237000000E+005
       713     2.1972000000E+005
       714     2.1974500000E+005
       715     2.1970500000E+005
       716     2.1940000000E+005
       717     2.1983000000E+005
       718     2.2045500000E+005
       719     2.1993000000E+005
       720     2.2016000000E+005
       721     2.2130000000E+005
       722     2.2136000000E+005
       723     2.2105500000E+005
       724     2.2075500000E+005
       725     2.2203000000E+005
       726     2.2272000000E+005
       727     2.2319500000E+005
       728     2.2288000000E+005
       729     2.2372500000E+005
       730     2.2331000000E+005
       731     2.2647000000E+005
       732     2.2598500000E+005
       733     2.2690500000E+005
       734     2.2890000000E+005
       735     2.2912500000E+005
       736     2.2851500000E+005
       737     2.2231500000E+005
       738     2.1940000000E+005
       739     2.1963000000E+005
       740     2.1937000000E+005
       741     2.1976500000E+005
       742     2.2050000000E+005
       743     2.2005000000E+005
       744     2.2122000000E+005
       745     2.2138500000E+005
       746     2.2084500000E+005
       747     2.2062500000E+005
       748     2.2171500000E+005
       749     2.2257000000E+005
       750     2.2292500000E+005
       751     2.2357500000E+005
       752     2.2595000000E+005
       753     2.2638500000E+005
       754     2.2814000000E+005
       755     2.2204500000E+005
       756     2.1937000000E+005
       757     2.1920500000E+005
       758     2.1968000000E+005
       759     2.2116500000E+005
       760     2.1980500000E+005
       761     2.2023000000E+005
       762     2.2106500000E+005
       763     2.2078500000E+005
       764     2.2153500000E+005
       765     2.2253000000E+005
       766     2.2286000000E+005
       767     2.2323500000E+005
       768     2.2385000000E+005
       769     2.2452500000E+005
       770     2.2184000000E+005
       771     2.1926500000E+005
       772     2.1900000000E+005
       773     2.1889000000E+005
       774     2.1853000000E+005
       775     2.1939500000E+005
       776     2.2103500000E+005
       777     2.2027000000E+005
       778     2.2043500000E+005
       779     2.2074000000E+005
       780     2.2140500000E+005
       781     2.2226500000E+005
       782     2.2280500000E+005
       783     2.2322000000E+005
       784     2.2338000000E+005
       785     1.8168500000E+005
       786     2.2180000000E+005
       787     2.1894000000E+005
       788     2.1835500000E+005
       789     2.1830500000E+005
       790     2.1838000000E+005
       791     2.1955000000E+005
       792     2.2097000000E+005
       793     2.2037000000E+005
       794     2.2058500000E+005
       795     2.2128500000E+005
       796     2.2207000000E+005
       797     2.2217000000E+005
       798     2.2269500000E+005
       799     2.2277500000E+005
       800     2.2340500000E+005
       801     2.2164500000E+005
       802     2.1858500000E+005
       803     2.1842000000E+005
       804     2.1884500000E+005
       805     2.1864500000E+005
       806     2.2001500000E+005
       807     2.2076000000E+005
       808     2.2052000000E+005
       809     2.2114500000E+005
       810     2.2199000000E+005
       811     2.2234000000E+005
       812     2.2132500000E+005
       813     2.1961500000E+005
       814     2.1980500000E+005
       815     2.1947000000E+005
       816     2.1936000000E+005
       817     2.2003000000E+005
       818     2.1970000000E+005
       819     2.1956500000E+005
       820     2.2063500000E+005
       821     2.2095000000E+005
       822     2.2131500000E+005
       823     2.2099000000E+005
       824     2.2000000000E+005
       825     2.1931000000E+005
       826     2.1974000000E+005
       827     2.1978000000E+005
       828     2.1946500000E+005
       829     2.1945500000E+005
       830     2.2019000000E+005
       831     2.2090000000E+005
       832     2.2018500000E+005
       833     1.9275500000E+005
       834     2.2031500000E+005
       835     2.1935500000E+005
       836     2.1953500000E+005
       837     2.1970500000E+005
       838     2.1958500000E+005
       839     2.1981000000E+005
       840     2.2063000000E+005
       841     2.2954500000E+005
       842     1.8945500000E+005
       843     2.2110500000E+005
       844     2.2048500000E+005
       845     2.1936500000E+005
       846     2.1946000000E+005
       847     2.1941000000E+005
       848     2.1951000000E+005
       849     2.2078000000E+005
       850     2.2869000000E+005
       851     2.2958500000E+005
       852     2.2069500000E+005
       853     2.2096500000E+005
       854     2.2055000000E+005
       855     2.2042000000E+005
       856     2.1978500000E+005
       857     2.2066000000E+005
       858     2.2276000000E+005
       859     2.2649500000E+005
       860     2.3000000000E+005
       861     2.2075500000E+005
       862     2.2084000000E+005
       863     2.2132000000E+005
       864     2.2063000000E+005
       865     2.2074000000E+005
       866     2.2110500000E+005
       867     2.2156000000E+005
       868     2.2253500000E+005
       869     2.2804000000E+005
       870     2.3010000000E+005
       871     2.2093000000E+005
       872     2.5402000000E+005
       873     2.5920000000E+005
       874     2.2092500000E+005
       875     2.2014000000E+005
       876     2.2133500000E+005
       877     2.2170500000E+005
       878     2.2952000000E+005
       879     2.2118000000E+005
       880     2.2085500000E+005
       881     2.2685000000E+005
       882     2.2501500000E+005
       883     2.5496000000E+005
       884     1.7751500000E+005
       885     2.2058000000E+005
       886     2.2088000000E+005
       887     2.2128000000E+005
       888     2.2084500000E+005
       889     2.2464000000E+005
       890     2.2522500000E+005
       891     2.2136000000E+005
       892     2.2250500000E+005
       893     2.5245500000E+005
       894     1.7840500000E+005
       895     2.2072000000E+005
       896     2.2075500000E+005
       897     2.2099500000E+005
       898     2.2100500000E+005
       899     2.1883000000E+005
       900     2.2625000000E+005
       901     2.2657000000E+005
       902     1.9342000000E+005
       903     2.2230000000E+005
       904     2.2256000000E+005
       905     2.5351500000E+005
       906     2.5579500000E+005
       907     2.5293000000E+005
       908     1.7906500000E+005
       909     2.2133000000E+005
       910     2.2101000000E+005
       911     2.2294000000E+005
       912     2.2143500000E+005
       913     2.2336000000E+005
       914     1.9098500000E+005
       915     1.9024000000E+005
       916     2.2369000000E+005
       917     2.2390000000E+005
       918     2.2272000000E+005
       919     2.5137500000E+005
       920     2.5311500000E+005
       921     1.7957500000E+005
       922     2.2235000000E+005
       923     2.2221000000E+005
       924     2.2335500000E+005
       925     2.2389000000E+005
       926     1.9426000000E+005
       927     1.9319000000E+005
       928     2.2389500000E+005
       929     2.2345000000E+005
       930     2.2267000000E+005
       931     2.1512000000E+005
       932     2.1479000000E+005
       933     2.5180000000E+005
       934     1.8144500000E+005
       935     2.4206500000E+005
       936     2.2263500000E+005
       937     2.2431500000E+005
       938     2.2474000000E+005
       939     2.2462500000E+005
       940     2.2470500000E+005
       941     1.9524000000E+005
       942     1.9134000000E+005
       943     2.2520000000E+005
       944     2.2405500000E+005
       945     2.4143000000E+005
       946     2.5206500000E+005
       947     2.4070500000E+005
       948     2.2399500000E+005
       949     2.2456500000E+005
       950     2.2458000000E+005
       951     2.2518500000E+005
       952     2.2537500000E+005
       953     2.2543500000E+005
       954     2.2496000000E+005
       955     1.9794500000E+005
       956     1.9589000000E+005
       957     2.2528000000E+005
       958     2.4062000000E+005
       959     2.4259000000E+005
       960     2.4055500000E+005
       961     2.4101000000E+005
       962     2.3920500000E+005
       963     2.3933500000E+005
       964     2.4003000000E+005
       965     1.8582000000E+005
       966     2.5121000000E+005
       967     2.4213500000E+005
       968     2.5356000000E+005
       969     2.5322000000E+005
       970     2.5183500000E+005
       971     2.5238000000E+005
       972     2.5336000000E+005
       973     1.8672500000E+005
       974     2.5434000000E+005
       975     2.5393000000E+005
       976     2.5332500000E+005
       977     2.5210000000E+005
       978     1.8803500000E+005
       979     2.5244000000E+005
       980     2.5349000000E+005
       981     1.8814000000E+005
       982     2.5246000000E+005
       983     1.8991500000E+005
       984     2.5423000000E+005
       985     2.5553500000E+005
       986     1.8549000000E+005
       987     1.8694000000E+005
       988     1.8600000000E+005
       989     1.8516500000E+005
       990     1.8646500000E+005
       991     2.5502000000E+005
       992     1.9048500000E+005
       993     1.9031500000E+005
       994     1.8290500000E+005
       995     1.8572500000E+005
       996     1.8503000000E+005
       997     1.8600000000E+005
       998     1.8988500000E+005
       999     1.8956000000E+005
      1000     1.9003500000E+005
      1001     1.8646500000E+005
      1002     1.8699500000E+005
      1003     1.8549000000E+005
      1004     1.8581000000E+005
      1005     1.8719500000E+005
      1006     1.8797500000E+005
      1007     1.8977000000E+005
      1008     1.8967000000E+005
      1009     1.9034500000E+005
      1010     1.8633000000E+005
      1011     1.8711500000E+005
      1012     1.8731000000E+005
      1013     1.8746000000E+005
      1014     1.8786500000E+005
      1015     1.8693500000E+005
      1016     1.8840000000E+005
      1017     1.8764500000E+005
      1018     1.8711000000E+005
      1019     1.8725500000E+005
      1020     1.8777500000E+005
      1021     1.8751000000E+005
      1022     1.8797500000E+005
      1023     1.8732000000E+005
      1024     1.8739500000E+005
      1025     1.8749000000E+005
      1026     1.8670000000E+005
      1027     1.8696000000E+005
      1028     1.8706000000E+005
      1029     1.8748000000E+005
      1030     1.8739500000E+005
      1031     1.8686000000E+005
      1032     1.8750000000E+005
      1033     1.8740000000E+005
      1034     1.8684000000E+005
      1035     1.8875500000E+005
      1036     1.8741000000E+005
      1037     2.0076500000E+005
      1038     1.9637000000E+005
      1039     1.9737000000E+005
      1040     1.9854500000E+005
      1041     1.9611500000E+005
      1042     1.9626500000E+005
      1043     1.9685000000E+005
      1044     1.9631000000E+005
      1045     1.9575000000E+005
      1046     1.9538000000E+005
      1047     1.9473500000E+005
      1048     1.9593500000E+005
      1049     1.9577500000E+005
      1050     1.9602500000E+005
      1051     1.9517000000E+005
      1052     1.9454000000E+005
      1053     1.9643500000E+005
      1054     1.9551500000E+005
      1055     1.9665500000E+005
      1056     1.9608500000E+005
      1057     1.9461000000E+005
      1058     1.9696000000E+005
      1059     1.9540500000E+005
      1060     1.9580500000E+005
      1061     1.9643500000E+005
      1062     1.9621000000E+005
      1063     1.9592000000E+005
      1064     1.9673000000E+005
      1065     1.9671500000E+005
      1066     1.9662000000E+005
      1067     1.9695000000E+005
      1068     1.9721000000E+005
      1069     1.9550000000E+005
