  nc_newport_river_core_cr4_bath    v31.06 iterative         Albemarle-Pamlico Estuar
          2       1069  0.1000000E+001        1     1 FileFmtVersion:    1050624
     2.5920000000E+005          51840
         1     8.8313138820E-004
         2     8.5044255021E-004
         3     8.3055421869E-004
         4     8.4357472688E-004
         5     7.8482615269E-004
         6     6.3670325121E-004
         7     4.7932907445E-004
         8     2.8833202222E-004
         9     3.0744090008E-004
        10     5.9750588262E-004
        11     1.9945213633E-004
        12     4.1165337418E-004
        13     7.0087798509E-004
        14     2.1861582007E-004
        15     2.8891691205E-004
        16     7.8555913513E-004
        17     2.5827790362E-004
        18     4.7369426023E-004
        19     2.2340483658E-004
        20     7.6852381363E-004
        21     7.3792202264E-004
        22     1.6554041313E-004
        23     1.4053378415E-004
        24     5.6236126893E-004
        25     4.9135698139E-004
        26     1.0438548568E-004
        27     1.1178420283E-004
        28     4.1438655325E-004
        29     4.2333188863E-004
        30     1.5698965733E-004
        31     1.4439014683E-004
        32     4.7012211960E-004
        33     5.3458844077E-004
        34     1.6152543646E-004
        35     1.9141860408E-004
        36     4.8650903319E-004
        37     3.9727269887E-004
        38     2.0422881181E-004
        39     1.6977294927E-004
        40     3.2657042036E-004
        41     3.2379048783E-004
        42     3.2075926221E-004
        43     2.0301579363E-004
        44     6.4381667755E-004
        45     2.1107108293E-004
        46     3.0933953901E-004
        47     2.8181014701E-004
        48     2.4867853377E-004
        49     1.4396632539E-004
        50     9.5317389079E-005
        51     4.1234346658E-004
        52     4.2115281750E-004
        53     4.0588714856E-004
        54     4.5349848644E-004
        55     3.0202080330E-004
        56     4.8677266401E-004
        57     4.1223720952E-004
        58     2.9177453783E-004
        59     2.7264894790E-004
        60     3.1067165531E-004
        61     9.1499875829E-005
        62     1.6206355911E-004
        63     3.4633495438E-004
        64     3.3178242151E-004
        65     3.4544339098E-004
        66     2.5792141816E-004
        67     3.0550954007E-004
        68     6.5723023936E-004
        69     1.1072580742E-004
        70     1.7624055681E-004
        71     2.9591839745E-004
        72     2.3350835782E-004
        73     2.0832357793E-004
        74     2.1613461449E-004
        75     2.6185497335E-004
        76     2.7149062002E-004
        77     2.4106612386E-004
        78     2.6280100857E-004
        79     2.7447260847E-004
        80     2.7856604578E-004
        81     4.7702761871E-004
        82     3.0455124566E-004
        83     4.6915313602E-004
        84     1.4880327452E-004
        85     1.2243294273E-004
        86     6.6418488893E-004
        87     2.3406593125E-004
        88     1.8765394951E-004
        89     6.3658064167E-005
        90     2.1759984855E-004
        91     2.9176218893E-004
        92     2.4635973513E-004
        93     4.1782649988E-004
        94     4.6552504952E-004
        95     3.1690912872E-004
        96     6.3827779324E-004
        97     1.3737517608E-004
        98     4.9360209053E-004
        99     2.9110892306E-004
       100     3.3870080024E-004
       101     2.3975053307E-004
       102     7.6497604242E-004
       103     4.1875597991E-004
       104     3.4874373004E-004
       105     3.3543362555E-004
       106     1.8874916380E-004
       107     2.8218969865E-004
       108     4.4560724161E-004
       109     6.9553968178E-004
       110     7.2891468324E-004
       111     2.8136906079E-004
       112     4.3964419653E-004
       113     1.1039926028E-004
       114     4.4508000817E-004
       115     2.0251213280E-004
       116     1.2756207676E-004
       117     1.8859308908E-004
       118     4.0748438043E-004
       119     4.2596022016E-004
       120     1.8652155739E-004
       121     5.5938704752E-004
       122     1.3875820686E-004
       123     5.4948435967E-004
       124     1.4958587345E-004
       125     1.4486006291E-004
       126     1.0459930713E-004
       127     2.4426849077E-004
       128     5.4863932333E-004
       129     8.8793687255E-004
       130     2.9880182593E-004
       131     1.9662985224E-004
       132     9.3168310675E-005
       133     2.4105896976E-004
       134     2.4602236118E-004
       135     4.6039949663E-004
       136     2.1014444302E-004
       137     3.1310430484E-004
       138     1.5618609738E-004
       139     2.4499152915E-004
       140     3.4997986749E-004
       141     1.1279738537E-004
       142     2.1719202085E-004
       143     3.1848128616E-004
       144     1.8399576905E-004
       145     2.4671010052E-004
       146     4.2015089194E-004
       147     1.7971474859E-004
       148     3.4379806652E-004
       149     1.3865477643E-004
       150     1.9252646804E-004
       151     1.0906167119E-004
       152     3.0237112542E-004
       153     2.7018537751E-004
       154     6.7122361785E-004
       155     2.4782349292E-004
       156     2.3259447500E-004
       157     1.5021620156E-004
       158     1.6895154692E-004
       159     1.2612615654E-004
       160     2.8017656644E-004
       161     1.0300017006E-004
       162     4.0500323342E-004
       163     1.8260323433E-004
       164     2.3836035134E-004
       165     1.2837286059E-004
       166     3.5033035616E-004
       167     1.8249928031E-004
       168     3.2728890976E-004
       169     5.7368687866E-004
       170     3.0509211402E-004
       171     5.1274037287E-004
       172     1.7998553980E-004
       173     2.8384563133E-004
       174     2.3221256292E-004
       175     1.7261842527E-004
       176     1.4093870819E-004
       177     1.6768322848E-004
       178     4.2583805613E-004
       179     1.7390985679E-004
       180     1.9746536739E-004
       181     2.5134398610E-004
       182     4.9617083164E-004
       183     4.5676490238E-005
       184     1.7074555207E-004
       185     3.7490406447E-004
       186     2.9650894259E-004
       187     1.5748700421E-004
       188     2.0326701088E-004
       189     1.5386324234E-004
       190     6.0185517925E-004
       191     4.3572915676E-004
       192     5.9265937660E-004
       193     2.4541716485E-004
       194     1.5631615601E-004
       195     2.3506999286E-004
       196     2.1782471560E-004
       197     1.4817415977E-004
       198     2.4992745840E-004
       199     3.5249211790E-004
       200     2.8570159611E-004
       201     1.1640185414E-004
       202     2.3918663590E-004
       203     1.8754401773E-004
       204     3.4188429288E-004
       205     1.9751190789E-004
       206     1.2912637385E-004
       207     1.9075153525E-004
       208     2.3056136479E-004
       209     6.2347799436E-005
       210     1.5513343180E-004
       211     2.5904497094E-004
       212     2.1792801613E-004
       213     2.6582231433E-004
       214     1.3981731114E-004
       215     1.7138913582E-004
       216     1.4143032977E-004
       217     1.7267034454E-004
       218     3.9252130229E-004
       219     1.6484791744E-004
       220     3.2603648122E-004
       221     1.1718804648E-004
       222     1.4212116638E-004
       223     1.5549885536E-004
       224     1.4919495957E-004
       225     1.1436728309E-004
       226     1.7586502752E-004
       227     1.6983447187E-004
       228     1.3483875898E-004
       229     1.0713461217E-004
       230     8.1616498488E-005
       231     6.6371264533E-005
       232     1.1302224854E-004
       233     7.9253110337E-005
       234     1.7322296688E-004
       235     2.2816541228E-004
       236     2.5917656873E-004
       237     2.2175806379E-004
       238     5.0694795485E-004
       239     3.0496840107E-004
       240     1.7486411826E-004
       241     1.2069084613E-004
       242     1.4286354405E-004
       243     1.3945848641E-004
       244     1.6716422339E-004
       245     3.6942239492E-004
       246     3.3942223466E-004
       247     2.3340935321E-004
       248     1.5684082316E-004
       249     1.2717604757E-004
       250     1.2144308793E-004
       251     8.6762917318E-005
       252     7.5725712480E-005
       253     1.8793917958E-004
       254     6.6610237812E-005
       255     8.5937129849E-005
       256     6.5960539020E-005
       257     1.0040717596E-004
       258     1.3426416088E-004
       259     1.7048705636E-004
       260     7.1711543638E-005
       261     1.6701958814E-004
       262     2.2679561147E-004
       263     2.6887283815E-004
       264     2.9887238473E-004
       265     8.5659357071E-005
       266     2.3349964954E-004
       267     9.6744968061E-005
       268     1.3026044545E-004
       269     2.6194020279E-004
       270     1.6886622112E-004
       271     1.3843023655E-004
       272     1.6451388934E-004
       273     1.1798061400E-004
       274     1.0547058646E-004
       275     1.1691991279E-004
       276     8.5292102975E-005
       277     9.7750747786E-005
       278     4.2552772931E-005
       279     4.6058063327E-005
       280     3.7568281597E-005
       281     2.1149785512E-004
       282     2.1485430413E-004
       283     1.5700018213E-004
       284     1.9170898169E-004
       285     2.7328777471E-004
       286     1.4344345736E-004
       287     1.0387307460E-004
       288     1.2085659139E-004
       289     7.5896539475E-005
       290     1.4236366801E-004
       291     9.4834667577E-005
       292     5.2716509369E-005
       293     5.7989094786E-005
       294     6.3381762924E-005
       295     9.5078599300E-005
       296     1.4419695954E-004
       297     1.6067631154E-004
       298     8.8656395278E-005
       299     1.1531827278E-004
       300     7.9956124637E-005
       301     7.9637450640E-005
       302     5.4183096486E-005
       303     1.7772090996E-004
       304     2.4267688506E-004
       305     2.3744158149E-004
       306     1.2290034403E-004
       307     3.5576793416E-004
       308     2.4502762494E-004
       309     4.2856633789E-005
       310     3.2401692463E-005
       311     7.9203589070E-005
       312     2.4647929853E-005
       313     6.1576237894E-005
       314     7.3895318367E-005
       315     7.1174805094E-005
       316     9.1632439652E-005
       317     1.2361450394E-004
       318     4.9414092433E-005
       319     6.3127093025E-005
       320     6.5470187801E-005
       321     3.2964823355E-005
       322     7.5003940333E-005
       323     1.4729647793E-004
       324     2.7440511091E-004
       325     1.4065838602E-004
       326     1.0337142774E-004
       327     2.5841809414E-004
       328     3.5125716434E-004
       329     2.6580649402E-005
       330     3.2462330106E-005
       331     3.3931422402E-005
       332     8.1088521623E-005
       333     1.2512658731E-004
       334     9.6620746225E-005
       335     1.1477850620E-004
       336     6.3744974191E-005
       337     9.0519218419E-005
       338     7.8367078270E-005
       339     1.4231766775E-004
       340     1.1495835054E-004
       341     2.3815843714E-004
       342     1.2461639281E-004
       343     1.5784505309E-004
       344     2.5487293666E-004
       345     1.8391347063E-004
       346     2.9272372773E-005
       347     6.9292591062E-005
       348     1.1127122266E-004
       349     1.7989070626E-004
       350     1.6538691845E-004
       351     3.4094252533E-005
       352     1.0629756912E-004
       353     1.5564985090E-004
       354     5.9454114647E-005
       355     9.7043522438E-005
       356     6.1140171376E-005
       357     2.1445021796E-004
       358     1.2972920706E-004
       359     1.2647385917E-004
       360     9.2956420759E-005
       361     1.6920243319E-004
       362     1.3396042888E-004
       363     1.5600421829E-004
       364     1.9621583050E-004
       365     1.6466188464E-004
       366     9.6268374710E-005
       367     1.6873338000E-004
       368     2.3619235300E-004
       369     1.8976621010E-004
       370     8.2764740891E-005
       371     1.1291371446E-004
       372     1.3662403560E-004
       373     9.3191497840E-006
       374     2.7296778082E-005
       375     3.0636685863E-005
       376     1.5329863865E-004
       377     5.2991195344E-005
       378     9.6095469428E-005
       379     1.1029589168E-004
       380     3.5784708395E-005
       381     4.2222618337E-005
       382     8.1938829729E-005
       383     4.1189018782E-005
       384     5.0374279358E-005
       385     6.6665284422E-005
       386     3.5434589610E-005
       387     6.0095465981E-005
       388     9.7110967858E-005
       389     1.3594790001E-004
       390     1.7577047202E-004
       391     1.8263669845E-004
       392     1.6186507460E-004
       393     8.9578621299E-005
       394     2.0556466386E-004
       395     2.2151461342E-004
       396     1.8598247945E-004
       397     1.5511716475E-004
       398     1.3517659642E-004
       399     1.8213569632E-004
       400     1.5106560060E-004
       401     5.6330982427E-005
       402     2.3921334840E-004
       403     7.3467464845E-005
       404     1.2668394846E-004
       405     1.2838441929E-004
       406     1.1209806377E-004
       407     2.2213711138E-005
       408     2.6921705368E-005
       409     2.4378076835E-005
       410     2.1486939753E-005
       411     7.2094609996E-005
       412     4.1523399109E-005
       413     7.3153780444E-005
       414     1.3608466571E-004
       415     8.4590783106E-005
       416     7.9287959446E-005
       417     2.2797179230E-004
       418     2.1200279105E-004
       419     1.6096842917E-004
       420     1.9863987166E-004
       421     1.6591551131E-004
       422     1.2355068676E-004
       423     1.5968055378E-004
       424     1.6994080269E-004
       425     2.1669234527E-004
       426     1.2585336063E-004
       427     2.2358273026E-004
       428     1.1985075896E-004
       429     9.2870177563E-005
       430     1.4162932832E-004
       431     3.7720351626E-005
       432     4.6330479835E-005
       433     5.6527188834E-005
       434     3.6702448195E-005
       435     7.0020407212E-005
       436     9.1875793576E-005
       437     1.7837013732E-005
       438     1.4490460349E-004
       439     2.1000871811E-004
       440     1.8308605172E-004
       441     7.7653576247E-005
       442     1.9505591772E-004
       443     2.0985320965E-004
       444     1.3280841464E-004
       445     1.5109648269E-004
       446     1.1924025696E-004
       447     1.7049637399E-004
       448     1.4487576816E-004
       449     1.9711404698E-004
       450     1.5439805534E-004
       451     1.2469873971E-004
       452     8.7049151084E-005
       453     8.0653298564E-005
       454     2.6353147584E-005
       455     3.0608457088E-005
       456     4.3535999432E-005
       457     4.0424140062E-005
       458     3.2682752058E-005
       459     1.8628051741E-004
       460     1.5631597686E-004
       461     3.3964312860E-005
       462     1.4085990906E-004
       463     1.4462238328E-004
       464     1.0846269478E-004
       465     1.1692322163E-004
       466     2.8428426286E-004
       467     1.5312732247E-004
       468     1.1371847493E-004
       469     9.8126448322E-005
       470     1.7856408905E-004
       471     9.5511724972E-005
       472     2.1099809688E-004
       473     1.3973418655E-004
       474     8.6443038743E-005
       475     1.2721929442E-004
       476     1.2534170495E-004
       477     8.7012042435E-006
       478     3.1714365410E-005
       479     6.3585528881E-005
       480     5.8272147491E-005
       481     6.0890276257E-005
       482     4.2970607658E-005
       483     2.7657014527E-005
       484     1.1602384983E-004
       485     1.9503870054E-004
       486     1.0593962011E-004
       487     8.9157835922E-005
       488     9.2142816276E-005
       489     1.1692450276E-004
       490     2.6488534535E-004
       491     2.3771466600E-004
       492     1.1537260986E-004
       493     8.8848308341E-005
       494     1.6106199623E-004
       495     7.3043228172E-005
       496     1.8998142139E-004
       497     1.4269965814E-004
       498     1.3905872670E-004
       499     8.0808798387E-005
       500     4.1037027591E-005
       501     4.9022568008E-005
       502     5.8104361184E-005
       503     5.3997954366E-005
       504     5.9857530709E-005
       505     2.5128476611E-005
       506     2.4772062536E-005
       507     2.6432913728E-005
       508     1.8366960533E-004
       509     1.1611858670E-004
       510     9.5048265310E-005
       511     1.2850505821E-004
       512     1.2977240866E-004
       513     1.5315977028E-004
       514     2.4720937081E-004
       515     2.3035576792E-004
       516     8.8605570960E-005
       517     7.1891814036E-005
       518     1.0466420673E-004
       519     6.1915223054E-005
       520     1.2029504685E-004
       521     7.6261660970E-005
       522     8.3080287108E-005
       523     3.6238827280E-005
       524     4.9279836280E-005
       525     8.3336048583E-005
       526     8.2203075687E-005
       527     1.2277777948E-004
       528     1.4599532304E-004
       529     9.8418686872E-005
       530     5.8989819481E-005
       531     1.3618127251E-004
       532     1.1155556030E-004
       533     1.5514058013E-004
       534     1.6692537346E-004
       535     1.3876741932E-004
       536     1.3062106474E-004
       537     1.1443412467E-004
       538     2.0626668171E-004
       539     2.2455274141E-004
       540     1.1265593960E-004
       541     9.0174378283E-005
       542     5.9215773024E-005
       543     7.1058178501E-005
       544     1.1983592173E-004
       545     3.1732642292E-004
       546     1.3796373836E-004
       547     4.8826397258E-005
       548     1.9245730359E-004
       549     2.1785749448E-004
       550     1.2250363840E-004
       551     1.5376452144E-004
       552     1.2300882587E-004
       553     1.4013884975E-004
       554     1.7014646055E-004
       555     1.3512621285E-004
       556     1.4449805111E-004
       557     1.3829207166E-004
       558     6.6018194191E-005
       559     8.8417849535E-005
       560     6.7863945795E-005
       561     1.9154525081E-004
       562     1.6089184751E-004
       563     6.5232135371E-005
       564     8.0936404687E-005
       565     6.4553501538E-005
       566     2.0528754187E-004
       567     3.6519152992E-004
       568     6.0411241654E-005
       569     1.0142696521E-004
       570     9.3851655793E-005
       571     1.6055638455E-004
       572     2.4639137435E-004
       573     2.6823713880E-004
       574     1.5241113524E-004
       575     1.2137701050E-004
       576     1.5959361022E-004
       577     1.4048754172E-004
       578     1.3705496178E-004
       579     1.5400530113E-004
       580     1.0366972326E-004
       581     1.0131895187E-004
       582     5.8520479869E-005
       583     6.9125354032E-005
       584     5.6713286591E-005
       585     1.4898598861E-004
       586     9.6742251665E-005
       587     8.3034768443E-005
       588     8.3725015749E-005
       589     1.8916381291E-004
       590     1.6717406322E-004
       591     3.8327081504E-005
       592     2.1308114587E-004
       593     9.7380787334E-005
       594     1.0391084270E-004
       595     1.2679136202E-004
       596     3.4018195974E-004
       597     1.1918337260E-004
       598     1.1165486152E-004
       599     1.0044831225E-004
       600     1.3713350928E-004
       601     1.1672403898E-004
       602     1.2604012120E-004
       603     6.8213245127E-005
       604     6.8155662327E-005
       605     5.7762250531E-005
       606     6.2549484381E-005
       607     6.2347309953E-005
       608     6.7076627803E-005
       609     1.5809351796E-004
       610     8.4971347529E-005
       611     8.2475181401E-005
       612     2.0925211525E-004
       613     2.2492541561E-004
       614     4.7514552044E-005
       615     7.0789387810E-005
       616     1.1282357673E-004
       617     8.6383164156E-005
       618     6.1844068057E-005
       619     1.1379585576E-004
       620     3.5805362923E-004
       621     2.5215286034E-004
       622     2.5643481321E-004
       623     1.1308783048E-004
       624     2.3112242942E-004
       625     8.2656373197E-005
       626     1.0162998919E-004
       627     7.4668033656E-005
       628     8.9933736904E-005
       629     5.8759146065E-005
       630     5.7584496745E-005
       631     5.3993084916E-005
       632     5.9852124134E-005
       633     6.7855949211E-005
       634     1.6390993279E-004
       635     8.0091467841E-005
       636     2.2591694394E-004
       637     2.8519519012E-004
       638     5.7781113896E-005
       639     8.9156458948E-005
       640     1.4967581338E-004
       641     4.9491856493E-005
       642     1.1345553524E-004
       643     2.1377842283E-004
       644     2.9357839177E-004
       645     2.7606986442E-004
       646     3.0349444894E-004
       647     9.5627017387E-005
       648     8.3007891477E-005
       649     6.7923061210E-005
       650     1.2869452798E-004
       651     6.6659967176E-005
       652     7.4628553716E-005
       653     5.0881888796E-005
       654     6.1180028905E-005
       655     5.4284904203E-005
       656     5.1701031601E-005
       657     6.3602730061E-005
       658     9.1437890400E-005
       659     2.0262240329E-004
       660     2.8407990193E-004
       661     1.5780979238E-004
       662     1.6801881964E-004
       663     3.3545236039E-005
       664     7.7190049680E-005
       665     6.2809731423E-005
       666     7.2702670849E-005
       667     3.7728055842E-005
       668     4.7047839403E-005
       669     1.9043608849E-004
       670     2.4529526645E-004
       671     1.0363413104E-004
       672     1.1125980628E-004
       673     8.4792094189E-005
       674     6.6537207914E-005
       675     9.1279735711E-005
       676     5.6470739085E-005
       677     6.0955989147E-005
       678     4.3906764976E-005
       679     5.8016007806E-005
       680     5.2271298496E-005
       681     4.7216821750E-005
       682     7.4051860370E-005
       683     6.8151661092E-005
       684     1.0691897954E-004
       685     1.8575216522E-004
       686     2.1085810842E-004
       687     2.4392896493E-004
       688     4.4364130309E-005
       689     2.5557986542E-005
       690     6.8156425886E-005
       691     2.0129681433E-005
       692     9.9194704228E-005
       693     8.8909774866E-005
       694     4.1417378536E-005
       695     1.7887180817E-005
       696     2.4250523384E-004
       697     1.1313784696E-004
       698     7.0303710657E-005
       699     7.3311057006E-005
       700     7.1448661203E-005
       701     4.4761424689E-005
       702     5.3837870494E-005
       703     1.2543319087E-004
       704     7.6487381959E-005
       705     7.7676422066E-005
       706     6.2172315731E-005
       707     6.3999174153E-005
       708     1.3859534566E-004
       709     1.1508016364E-004
       710     2.1568426231E-004
       711     1.7989837585E-004
       712     2.2759644371E-004
       713     3.9610674461E-004
       714     8.5122312501E-005
       715     2.9878951150E-004
       716     2.2815566572E-004
       717     2.1575352704E-004
       718     1.9792932840E-005
       719     2.1484328875E-004
       720     4.4850202468E-005
       721     4.1174362911E-005
       722     1.6407105364E-004
       723     2.1932340478E-005
       724     1.8981646088E-005
       725     2.7627729694E-004
       726     7.3255758203E-005
       727     5.0819418716E-005
       728     5.7505637460E-005
       729     7.9205480379E-005
       730     7.0480738676E-005
       731     1.6252484277E-004
       732     1.2173501522E-004
       733     1.8023097593E-004
       734     1.9477314755E-004
       735     1.8329167114E-004
       736     2.3614225941E-004
       737     1.5215957412E-004
       738     1.4728423970E-004
       739     9.9696347235E-005
       740     8.4880071741E-005
       741     9.3817246840E-005
       742     2.5879861206E-005
       743     1.9235424768E-004
       744     1.2437470175E-004
       745     2.0770755667E-004
       746     1.2111988872E-004
       747     7.5482637911E-005
       748     2.4690620873E-004
       749     5.2986863059E-005
       750     5.3466184349E-005
       751     9.5531904879E-005
       752     9.2089141456E-005
       753     1.8817468439E-004
       754     2.6725586332E-004
       755     7.6586711916E-005
       756     4.4241017331E-005
       757     5.8776734564E-005
       758     1.2654613770E-004
       759     2.4516171621E-004
       760     1.8221009824E-004
       761     7.0223318515E-005
       762     1.9820459704E-004
       763     1.7490552434E-004
       764     1.3248362089E-004
       765     5.1568912416E-005
       766     5.8366805120E-005
       767     1.1819251698E-004
       768     1.3810352190E-004
       769     1.3683843331E-004
       770     5.4192170797E-005
       771     4.9024722550E-005
       772     2.5319698360E-005
       773     3.6737096691E-005
       774     1.9895909411E-005
       775     2.5866047247E-005
       776     1.8977764441E-004
       777     1.0137330071E-004
       778     1.6028243311E-004
       779     1.8758169689E-004
       780     8.3172920252E-005
       781     7.0594111117E-005
       782     9.5451745598E-005
       783     1.9829011995E-004
       784     2.5006903354E-004
       785     1.2731629002E-004
       786     8.2202431210E-005
       787     1.8928082217E-005
       788     2.5929100361E-005
       789     7.5770581609E-005
       790     1.4025734234E-004
       791     5.8216621244E-005
       792     1.3829797328E-004
       793     1.7511505618E-004
       794     1.9968579162E-004
       795     6.0769637445E-005
       796     1.0571867468E-004
       797     1.7631370433E-004
       798     2.1827402472E-004
       799     1.1137061857E-004
       800     1.0816029229E-004
       801     1.2272454864E-004
       802     2.3406131026E-004
       803     2.7516004730E-004
       804     1.0263173431E-004
       805     6.8542172666E-005
       806     1.9754383422E-004
       807     8.5001635048E-005
       808     1.9385401152E-004
       809     1.2680644706E-004
       810     1.2319002360E-004
       811     1.3513451796E-004
       812     1.8820785218E-004
       813     2.8546109987E-004
       814     1.9354055165E-004
       815     1.6010281845E-004
       816     1.3387267029E-004
       817     1.1035500364E-004
       818     5.0764788414E-005
       819     1.0477360131E-004
       820     7.9181361299E-005
       821     2.1148400604E-004
       822     2.1670972173E-004
       823     1.4223369113E-004
       824     1.0415091496E-004
       825     1.6113004012E-004
       826     8.7074602494E-005
       827     8.7199322248E-005
       828     1.2605415420E-004
       829     1.2822297453E-004
       830     2.1347071081E-004
       831     2.8248760835E-004
       832     9.8553534108E-005
       833     1.4102239036E-004
       834     5.9604496773E-005
       835     1.3512644801E-004
       836     1.1962598244E-004
       837     1.7057149353E-004
       838     1.7123107372E-004
       839     3.0570923218E-004
       840     9.3829994984E-005
       841     8.3812615047E-005
       842     9.7122852073E-005
       843     9.2059897603E-005
       844     6.7013738965E-005
       845     1.3717603209E-004
       846     1.0479496760E-004
       847     2.6470605190E-004
       848     3.3664052189E-004
       849     1.0625285905E-004
       850     8.2401506779E-005
       851     6.9623794006E-005
       852     1.6894146990E-004
       853     8.1675398217E-005
       854     2.8510890851E-005
       855     1.1577983023E-004
       856     3.0799591181E-004
       857     6.3586009234E-005
       858     5.4546895990E-005
       859     1.0606241009E-004
       860     9.6457283836E-005
       861     8.9474248598E-005
       862     1.2785845104E-004
       863     4.5339751398E-005
       864     3.2146191075E-004
       865     7.1623838196E-005
       866     7.6320676595E-005
       867     1.0294058709E-004
       868     4.2711338865E-005
       869     9.7880309949E-005
       870     1.0570201069E-004
       871     6.7213472502E-005
       872     1.4656149568E-004
       873     1.1369557270E-004
       874     1.2874483222E-004
       875     7.7263766368E-005
       876     2.3207052498E-004
       877     2.4407521659E-005
       878     7.3283106187E-005
       879     1.2401966999E-004
       880     1.6786049417E-004
       881     2.0936690798E-004
       882     2.5611597709E-004
       883     9.3184358619E-005
       884     1.0476011164E-004
       885     8.6824316128E-005
       886     2.2586081182E-004
       887     2.2516963904E-004
       888     1.8434074098E-004
       889     1.3099370284E-004
       890     1.7946166549E-004
       891     4.8279363354E-004
       892     5.6300620210E-004
       893     7.8551399240E-005
       894     8.0433047127E-005
       895     1.0326424090E-004
       896     1.8604262384E-004
       897     2.3345533763E-004
       898     1.1078243455E-004
       899     2.5701392106E-004
       900     5.2736062679E-005
       901     1.0280650926E-004
       902     4.4497042914E-004
       903     2.5497363546E-004
       904     2.2582872722E-004
       905     1.5536209150E-004
       906     2.0502434933E-004
       907     1.0454883424E-004
       908     2.1303536079E-004
       909     1.1696689101E-004
       910     1.8107749525E-004
       911     1.0750574798E-004
       912     1.0581259895E-004
       913     1.4111284649E-004
       914     2.5099998803E-004
       915     3.5377676057E-004
       916     1.2161986685E-004
       917     9.2078821412E-005
       918     4.1816066450E-004
       919     2.2434956298E-004
       920     1.1299094925E-004
       921     1.8585098715E-004
       922     1.4598837090E-004
       923     1.0645504145E-004
       924     9.2380156823E-005
       925     2.1701202721E-004
       926     9.5678486212E-005
       927     1.3573336555E-004
       928     1.2299495479E-004
       929     7.4585196880E-005
       930     2.7401126565E-004
       931     3.5802376158E-004
       932     1.7048674202E-004
       933     7.9355535035E-005
       934     7.6194843875E-005
       935     1.0240282675E-004
       936     1.0767679751E-004
       937     8.1390343871E-005
       938     8.4089422114E-005
       939     1.1596062196E-004
       940     1.8815189268E-004
       941     1.0482122940E-004
       942     1.0363120752E-004
       943     7.8999577508E-005
       944     1.1423923226E-004
       945     7.4997100476E-005
       946     8.7710600419E-005
       947     1.3951057989E-004
       948     9.8414619245E-005
       949     8.3564306065E-005
       950     7.7463823986E-005
       951     7.2559691811E-005
       952     1.3597576173E-004
       953     1.4772926046E-004
       954     7.2777378312E-005
       955     4.7243168391E-005
       956     7.1821587350E-005
       957     8.8249180103E-005
       958     1.8240963387E-004
       959     2.5232192305E-004
       960     1.4305204549E-004
       961     7.9569864827E-005
       962     6.8036951977E-005
       963     1.3294017791E-004
       964     1.9300365153E-004
       965     8.6566999566E-005
       966     8.1483859742E-005
       967     2.7405181760E-004
       968     1.5645753537E-004
       969     8.5994681166E-005
       970     1.7285788349E-004
       971     2.2636681236E-004
       972     9.2861873619E-005
       973     2.8756613083E-004
       974     2.3283141188E-004
       975     1.3682851292E-004
       976     8.4340861489E-005
       977     1.8690607259E-004
       978     2.1105725029E-004
       979     2.9480134482E-004
       980     1.0310967745E-004
       981     1.6275359117E-004
       982     2.0133545673E-004
       983     2.8261949842E-004
       984     1.4908911386E-004
       985     1.0026419008E-004
       986     2.0511023987E-004
       987     8.9184799064E-005
       988     2.1070524988E-004
       989     1.3310677014E-004
       990     1.7083306591E-004
       991     2.6002510748E-004
       992     2.2371190094E-004
       993     2.2802686735E-004
       994     2.0576689606E-004
       995     2.1439897599E-004
       996     9.9354472518E-005
       997     2.6357547976E-004
       998     3.1356412101E-004
       999     2.3630305084E-004
      1000     3.0980660085E-004
      1001     2.6064762554E-004
      1002     2.1865997544E-004
      1003     1.7213290694E-004
      1004     1.9738431187E-004
      1005     2.8337794309E-004
      1006     4.1951962251E-004
      1007     1.3706098725E-004
      1008     1.6540001873E-004
      1009     2.3040571465E-004
      1010     1.7771144289E-004
      1011     1.2002917076E-004
      1012     1.8464361573E-004
      1013     2.5050423086E-004
      1014     4.6342547497E-004
      1015     1.5404662725E-004
      1016     5.3564421578E-004
      1017     2.1657479476E-004
      1018     1.2647521174E-004
      1019     1.8989471535E-004
      1020     2.6858584914E-004
      1021     3.6642133635E-004
      1022     2.6809305323E-004
      1023     2.0673102373E-004
      1024     1.4463189493E-004
      1025     1.7077440936E-004
      1026     2.1079288544E-004
      1027     2.8478294648E-004
      1028     3.9419384619E-004
      1029     1.3104306492E-004
      1030     2.2825555247E-004
      1031     4.2669496999E-004
      1032     2.8543982910E-004
      1033     3.1049695608E-004
      1034     5.5161482662E-004
      1035     2.7510757332E-004
      1036     3.0151457924E-004
      1037     8.5752566865E-005
      1038     2.7269014490E-004
      1039     3.7194889910E-004
      1040     3.5873275236E-004
      1041     2.1801968729E-004
      1042     4.3498688665E-004
      1043     5.0622552563E-004
      1044     6.9013226890E-004
      1045     2.2718926501E-004
      1046     1.4226243631E-004
      1047     2.2982362116E-004
      1048     5.2214704515E-004
      1049     1.4622682473E-004
      1050     7.6636311734E-004
      1051     1.6134401135E-004
      1052     2.2539352950E-004
      1053     5.6069332713E-004
      1054     3.0474295341E-004
      1055     6.0501859888E-004
      1056     2.5702129761E-004
      1057     3.4244701316E-004
      1058     1.6478973247E-004
      1059     2.2152819464E-004
      1060     3.1402751575E-004
      1061     4.5868012345E-004
      1062     5.4582063885E-004
      1063     7.3088818047E-004
      1064     3.4846659148E-004
      1065     4.2714943349E-004
      1066     3.8140166094E-004
      1067     4.0323066563E-004
      1068     4.1095199988E-004
      1069     2.0607306476E-004
     2.5920000000E+005          51840
         1     1.7280500000E+005
         2     1.7280500000E+005
         3     1.7280000000E+005
         4     1.7160500000E+005
         5     1.7280000000E+005
         6     1.7160500000E+005
         7     1.7280500000E+005
         8     1.7520500000E+005
         9     1.7520500000E+005
        10     1.7280500000E+005
        11     1.9560500000E+005
        12     1.7160500000E+005
        13     1.7160500000E+005
        14     1.6800500000E+005
        15     1.7280000000E+005
        16     1.7160500000E+005
        17     1.7160500000E+005
        18     1.7040500000E+005
        19     1.7280500000E+005
        20     1.8480000000E+005
        21     1.8360500000E+005
        22     1.7400500000E+005
        23     1.8240000000E+005
        24     1.8360500000E+005
        25     1.8360000000E+005
        26     1.8120500000E+005
        27     1.8120500000E+005
        28     1.8240500000E+005
        29     1.8240500000E+005
        30     1.7160000000E+005
        31     1.7040500000E+005
        32     1.8240500000E+005
        33     1.8240500000E+005
        34     1.8600500000E+005
        35     1.8600500000E+005
        36     1.8360000000E+005
        37     1.8360000000E+005
        38     1.8720000000E+005
        39     1.8600500000E+005
        40     1.8240500000E+005
        41     1.8360000000E+005
        42     1.8360000000E+005
        43     1.8480500000E+005
        44     1.7280500000E+005
        45     1.6680000000E+005
        46     1.6680000000E+005
        47     1.8240500000E+005
        48     1.8240500000E+005
        49     1.8480500000E+005
        50     2.0760500000E+005
        51     1.7400000000E+005
        52     1.7280500000E+005
        53     1.7280000000E+005
        54     1.6440500000E+005
        55     1.6560000000E+005
        56     1.6920500000E+005
        57     1.8240500000E+005
        58     1.8120500000E+005
        59     1.7400000000E+005
        60     1.7760000000E+005
        61     1.8000500000E+005
        62     1.7760500000E+005
        63     1.7280500000E+005
        64     1.7280500000E+005
        65     1.7040500000E+005
        66     1.6920500000E+005
        67     1.9440500000E+005
        68     1.6920500000E+005
        69     1.9200000000E+005
        70     1.8360500000E+005
        71     1.8240500000E+005
        72     1.7640000000E+005
        73     1.8240000000E+005
        74     1.8000500000E+005
        75     1.8000000000E+005
        76     1.8240000000E+005
        77     1.7280500000E+005
        78     1.9680500000E+005
        79     1.7280000000E+005
        80     1.7280500000E+005
        81     1.7040500000E+005
        82     1.9440500000E+005
        83     1.7040500000E+005
        84     1.8360500000E+005
        85     1.7280500000E+005
        86     1.8360500000E+005
        87     1.7400000000E+005
        88     1.7880500000E+005
        89     1.8120500000E+005
        90     1.7280500000E+005
        91     1.7280500000E+005
        92     1.9440000000E+005
        93     1.7040500000E+005
        94     1.7040500000E+005
        95     1.9560500000E+005
        96     1.7160500000E+005
        97     1.8360000000E+005
        98     1.8240500000E+005
        99     1.7400500000E+005
       100     1.7880500000E+005
       101     1.7880500000E+005
       102     1.7040000000E+005
       103     1.7160000000E+005
       104     1.6800500000E+005
       105     1.6440500000E+005
       106     1.6320500000E+005
       107     1.7280500000E+005
       108     1.7160500000E+005
       109     1.7040500000E+005
       110     1.9440500000E+005
       111     1.9560500000E+005
       112     1.7040500000E+005
       113     1.8000500000E+005
       114     1.7880500000E+005
       115     1.8120500000E+005
       116     1.9560500000E+005
       117     2.0280500000E+005
       118     1.7760500000E+005
       119     1.7880000000E+005
       120     1.7160000000E+005
       121     1.7160000000E+005
       122     1.7880500000E+005
       123     1.7280000000E+005
       124     1.6560500000E+005
       125     1.8960500000E+005
       126     1.9200500000E+005
       127     1.9440000000E+005
       128     1.7040500000E+005
       129     1.9560500000E+005
       130     1.7280000000E+005
       131     1.9680500000E+005
       132     1.8000500000E+005
       133     1.8120500000E+005
       134     1.7400500000E+005
       135     1.7400500000E+005
       136     1.7160500000E+005
       137     1.7760500000E+005
       138     1.7880500000E+005
       139     1.7400000000E+005
       140     1.7280500000E+005
       141     2.0040500000E+005
       142     1.9560500000E+005
       143     1.6680500000E+005
       144     1.6320500000E+005
       145     1.9560500000E+005
       146     1.7160000000E+005
       147     1.9680000000E+005
       148     1.7280000000E+005
       149     1.7160500000E+005
       150     1.6080500000E+005
       151     2.0760500000E+005
       152     1.7520000000E+005
       153     1.8000500000E+005
       154     1.7280500000E+005
       155     1.7400500000E+005
       156     1.7880500000E+005
       157     1.9800500000E+005
       158     1.7280000000E+005
       159     1.6920500000E+005
       160     1.6560000000E+005
       161     1.9680500000E+005
       162     1.6560000000E+005
       163     1.5960000000E+005
       164     1.6560500000E+005
       165     2.0520500000E+005
       166     1.6320500000E+005
       167     1.7760500000E+005
       168     1.7160000000E+005
       169     1.7640500000E+005
       170     1.7400000000E+005
       171     1.7160500000E+005
       172     1.7760000000E+005
       173     1.7760000000E+005
       174     1.6800000000E+005
       175     1.7280500000E+005
       176     1.7640500000E+005
       177     1.4520000000E+005
       178     1.6320000000E+005
       179     2.0280500000E+005
       180     1.6800000000E+005
       181     1.6320500000E+005
       182     1.5960500000E+005
       183     1.8600500000E+005
       184     1.9800500000E+005
       185     1.5960500000E+005
       186     1.7400500000E+005
       187     1.7400500000E+005
       188     1.7280000000E+005
       189     1.8120000000E+005
       190     1.7400500000E+005
       191     1.7160000000E+005
       192     1.7040500000E+005
       193     1.7160500000E+005
       194     1.7640500000E+005
       195     1.7400500000E+005
       196     1.7760500000E+005
       197     1.7640500000E+005
       198     1.7760500000E+005
       199     1.6800500000E+005
       200     1.7400500000E+005
       201     2.0160500000E+005
       202     1.6800500000E+005
       203     2.0520500000E+005
       204     1.6200500000E+005
       205     1.9800500000E+005
       206     1.6560500000E+005
       207     1.9800500000E+005
       208     2.0280500000E+005
       209     1.8360500000E+005
       210     1.9800500000E+005
       211     1.7400500000E+005
       212     1.7280500000E+005
       213     1.7400500000E+005
       214     1.7400500000E+005
       215     1.6680500000E+005
       216     1.6920000000E+005
       217     2.0520500000E+005
       218     1.7400500000E+005
       219     1.7040500000E+005
       220     1.7160500000E+005
       221     1.7760000000E+005
       222     1.9920500000E+005
       223     1.9920000000E+005
       224     2.0880000000E+005
       225     1.9800500000E+005
       226     1.9800500000E+005
       227     1.6560500000E+005
       228     1.9560500000E+005
       229     1.6560500000E+005
       230     1.9800500000E+005
       231     2.0040000000E+005
       232     1.9800500000E+005
       233     1.8360500000E+005
       234     1.7280000000E+005
       235     1.9920000000E+005
       236     1.7040000000E+005
       237     1.7160500000E+005
       238     1.7400500000E+005
       239     1.9080500000E+005
       240     1.6200500000E+005
       241     1.6680500000E+005
       242     2.0640500000E+005
       243     2.0760500000E+005
       244     1.7640000000E+005
       245     1.7520000000E+005
       246     1.7520000000E+005
       247     1.7040500000E+005
       248     1.6800500000E+005
       249     1.6320500000E+005
       250     1.6440500000E+005
       251     1.9800500000E+005
       252     1.9920000000E+005
       253     2.0400000000E+005
       254     1.8120500000E+005
       255     1.8720000000E+005
       256     1.8480500000E+005
       257     1.8360500000E+005
       258     1.9920500000E+005
       259     1.9800500000E+005
       260     1.9800500000E+005
       261     1.7040500000E+005
       262     1.9800500000E+005
       263     1.7400500000E+005
       264     1.6440500000E+005
       265     1.5120500000E+005
       266     1.9800500000E+005
       267     1.9920500000E+005
       268     1.6800000000E+005
       269     1.7040500000E+005
       270     1.7160000000E+005
       271     1.6920500000E+005
       272     1.6920000000E+005
       273     1.8000500000E+005
       274     1.9800500000E+005
       275     1.6800000000E+005
       276     1.9800000000E+005
       277     2.0280500000E+005
       278     1.9560500000E+005
       279     1.9680500000E+005
       280     1.9800000000E+005
       281     1.9920500000E+005
       282     2.0040500000E+005
       283     1.9800500000E+005
       284     1.7400500000E+005
       285     2.0160000000E+005
       286     1.7760500000E+005
       287     1.9920500000E+005
       288     1.6200500000E+005
       289     1.7400500000E+005
       290     1.6800500000E+005
       291     1.7400500000E+005
       292     1.8120500000E+005
       293     1.8120500000E+005
       294     1.7640500000E+005
       295     1.9920500000E+005
       296     1.7160500000E+005
       297     1.6800000000E+005
       298     1.8000500000E+005
       299     1.6560500000E+005
       300     2.0400500000E+005
       301     1.9800000000E+005
       302     1.9440500000E+005
       303     2.0040500000E+005
       304     1.9800500000E+005
       305     2.0040500000E+005
       306     1.8000500000E+005
       307     2.0160000000E+005
       308     1.7400500000E+005
       309     2.2320000000E+005
       310     2.0160500000E+005
       311     2.0280000000E+005
       312     1.8600500000E+005
       313     2.0280500000E+005
       314     1.6920500000E+005
       315     1.8120500000E+005
       316     1.7040500000E+005
       317     1.6920500000E+005
       318     2.0520500000E+005
       319     1.6680500000E+005
       320     1.6440500000E+005
       321     1.4040500000E+005
       322     1.9800500000E+005
       323     1.9560500000E+005
       324     1.9800500000E+005
       325     1.9800500000E+005
       326     1.8360000000E+005
       327     1.7520000000E+005
       328     2.0040500000E+005
       329     1.9320500000E+005
       330     2.0280500000E+005
       331     2.0640500000E+005
       332     1.8480000000E+005
       333     1.7640500000E+005
       334     2.0760500000E+005
       335     1.7520000000E+005
       336     1.6800500000E+005
       337     1.7400500000E+005
       338     1.7400500000E+005
       339     1.4760500000E+005
       340     1.4520500000E+005
       341     1.5360000000E+005
       342     2.0280500000E+005
       343     1.7400500000E+005
       344     1.7400500000E+005
       345     2.0040500000E+005
       346     2.0640000000E+005
       347     2.0640000000E+005
       348     1.8360500000E+005
       349     1.8240000000E+005
       350     1.5120500000E+005
       351     1.3080500000E+005
       352     1.8120500000E+005
       353     1.7640500000E+005
       354     1.7160500000E+005
       355     1.9560500000E+005
       356     1.5360500000E+005
       357     1.7760500000E+005
       358     2.0760500000E+005
       359     1.6800500000E+005
       360     1.6080500000E+005
       361     1.5960000000E+005
       362     1.5240500000E+005
       363     1.6440500000E+005
       364     1.7400500000E+005
       365     2.0280500000E+005
       366     1.4520500000E+005
       367     1.8120500000E+005
       368     1.7400500000E+005
       369     1.7640500000E+005
       370     1.9080500000E+005
       371     1.8360000000E+005
       372     1.8960000000E+005
       373     2.5560500000E+005
       374     2.5080000000E+005
       375     2.4600500000E+005
       376     2.0400500000E+005
       377     2.3520000000E+005
       378     1.6440500000E+005
       379     1.8120500000E+005
       380     1.5600500000E+005
       381     2.3280500000E+005
       382     2.3040500000E+005
       383     2.2320000000E+005
       384     2.1360000000E+005
       385     1.5600500000E+005
       386     2.3040500000E+005
       387     1.6320500000E+005
       388     1.9800500000E+005
       389     1.9800500000E+005
       390     2.0280500000E+005
       391     1.6320500000E+005
       392     2.0040500000E+005
       393     1.9800500000E+005
       394     1.8120500000E+005
       395     1.7640500000E+005
       396     1.7640500000E+005
       397     2.0280500000E+005
       398     1.8960000000E+005
       399     1.8000500000E+005
       400     1.8360500000E+005
       401     2.3400000000E+005
       402     2.0400500000E+005
       403     2.3400000000E+005
       404     2.3040500000E+005
       405     1.9920000000E+005
       406     1.9560500000E+005
       407     2.2440500000E+005
       408     2.3040500000E+005
       409     2.2920500000E+005
       410     2.1960000000E+005
       411     2.3280000000E+005
       412     2.3160500000E+005
       413     2.3400000000E+005
       414     2.3040000000E+005
       415     1.9560500000E+005
       416     1.9800500000E+005
       417     1.6680500000E+005
       418     1.6800500000E+005
       419     2.0520000000E+005
       420     1.7760000000E+005
       421     1.7760000000E+005
       422     2.1840500000E+005
       423     1.8120500000E+005
       424     1.7640500000E+005
       425     1.7520000000E+005
       426     1.8840500000E+005
       427     2.0400500000E+005
       428     2.0640000000E+005
       429     1.9680000000E+005
       430     1.9800500000E+005
       431     2.3040500000E+005
       432     2.2800500000E+005
       433     2.2800500000E+005
       434     2.2320000000E+005
       435     2.3040500000E+005
       436     2.3040500000E+005
       437     2.3040500000E+005
       438     2.2920500000E+005
       439     2.2920500000E+005
       440     1.8600500000E+005
       441     1.8360500000E+005
       442     1.6920000000E+005
       443     1.7400500000E+005
       444     2.0880000000E+005
       445     1.7640500000E+005
       446     2.2680500000E+005
       447     1.8240000000E+005
       448     1.7640500000E+005
       449     1.7520000000E+005
       450     1.8840500000E+005
       451     1.8720000000E+005
       452     1.8840500000E+005
       453     1.9560500000E+005
       454     2.2200500000E+005
       455     1.7160500000E+005
       456     2.2680500000E+005
       457     2.2800500000E+005
       458     2.3160000000E+005
       459     2.3280000000E+005
       460     2.3280000000E+005
       461     2.5320500000E+005
       462     2.0520500000E+005
       463     1.8600500000E+005
       464     1.7400500000E+005
       465     1.6440500000E+005
       466     1.7400500000E+005
       467     2.0760500000E+005
       468     2.2680500000E+005
       469     2.2920500000E+005
       470     1.7640500000E+005
       471     1.8360500000E+005
       472     1.7640500000E+005
       473     1.7640500000E+005
       474     1.8480500000E+005
       475     1.8720000000E+005
       476     1.8840500000E+005
       477     2.2440500000E+005
       478     2.2440500000E+005
       479     2.1480500000E+005
       480     2.2440500000E+005
       481     2.2680500000E+005
       482     2.1480500000E+005
       483     2.1120500000E+005
       484     2.3400000000E+005
       485     2.0520500000E+005
       486     2.0640000000E+005
       487     2.3400500000E+005
       488     1.7400500000E+005
       489     1.7400500000E+005
       490     1.7520000000E+005
       491     1.7400500000E+005
       492     2.2560000000E+005
       493     2.2800000000E+005
       494     1.7640500000E+005
       495     2.3760000000E+005
       496     1.7760000000E+005
       497     1.7640500000E+005
       498     1.8600500000E+005
       499     1.8960000000E+005
       500     1.9200000000E+005
       501     2.3400500000E+005
       502     2.3520000000E+005
       503     2.1360000000E+005
       504     2.2560500000E+005
       505     2.2680500000E+005
       506     2.0280500000E+005
       507     2.4240500000E+005
       508     2.2680500000E+005
       509     2.0520500000E+005
       510     1.7880500000E+005
       511     2.3040500000E+005
       512     1.7880500000E+005
       513     1.7640500000E+005
       514     1.8360500000E+005
       515     1.8480000000E+005
       516     1.8480000000E+005
       517     1.8360500000E+005
       518     1.6800500000E+005
       519     2.2680500000E+005
       520     1.7640500000E+005
       521     1.9080500000E+005
       522     1.8840500000E+005
       523     2.3400500000E+005
       524     2.3400500000E+005
       525     2.3520000000E+005
       526     1.9440500000E+005
       527     1.9440500000E+005
       528     1.9080500000E+005
       529     2.2560500000E+005
       530     2.3160000000E+005
       531     1.8360500000E+005
       532     1.8000000000E+005
       533     1.8000000000E+005
       534     1.8600500000E+005
       535     1.7760000000E+005
       536     1.7640500000E+005
       537     1.7640500000E+005
       538     1.8600500000E+005
       539     1.8600500000E+005
       540     1.8600500000E+005
       541     1.8600500000E+005
       542     2.2440500000E+005
       543     1.6800500000E+005
       544     1.5120000000E+005
       545     1.6920500000E+005
       546     2.2680500000E+005
       547     2.3400500000E+005
       548     2.3040000000E+005
       549     2.2680500000E+005
       550     1.9320500000E+005
       551     2.2200500000E+005
       552     1.8360500000E+005
       553     1.7640500000E+005
       554     2.2560500000E+005
       555     1.8360500000E+005
       556     1.8120500000E+005
       557     1.8720500000E+005
       558     1.7040000000E+005
       559     1.7880500000E+005
       560     1.6920500000E+005
       561     1.6200500000E+005
       562     1.7400500000E+005
       563     2.2440500000E+005
       564     2.1840000000E+005
       565     2.2200000000E+005
       566     1.6680500000E+005
       567     1.7640500000E+005
       568     2.3400500000E+005
       569     2.2920500000E+005
       570     2.2680000000E+005
       571     1.6080500000E+005
       572     2.2920000000E+005
       573     2.2680500000E+005
       574     2.1480500000E+005
       575     1.8360500000E+005
       576     1.8720000000E+005
       577     1.8240000000E+005
       578     1.7520000000E+005
       579     1.6440500000E+005
       580     1.8360500000E+005
       581     1.8360500000E+005
       582     2.1960500000E+005
       583     2.1960500000E+005
       584     2.3760500000E+005
       585     1.6200500000E+005
       586     2.1720500000E+005
       587     2.1600500000E+005
       588     2.1960000000E+005
       589     1.7640500000E+005
       590     1.7760000000E+005
       591     2.3520000000E+005
       592     2.2680500000E+005
       593     2.2920500000E+005
       594     2.3040000000E+005
       595     1.6320500000E+005
       596     2.2800000000E+005
       597     1.6440500000E+005
       598     1.6320500000E+005
       599     1.8720000000E+005
       600     1.8120500000E+005
       601     1.8120500000E+005
       602     1.6440500000E+005
       603     2.1840500000E+005
       604     2.1840500000E+005
       605     2.1960500000E+005
       606     2.2080000000E+005
       607     2.1840500000E+005
       608     2.2080500000E+005
       609     1.8360500000E+005
       610     2.1600500000E+005
       611     2.1600500000E+005
       612     1.7640500000E+005
       613     1.6680500000E+005
       614     2.3640500000E+005
       615     2.3400500000E+005
       616     2.2440500000E+005
       617     2.2440500000E+005
       618     2.2440500000E+005
       619     2.2920500000E+005
       620     2.2200500000E+005
       621     2.2680500000E+005
       622     2.2440500000E+005
       623     1.6440500000E+005
       624     2.1600000000E+005
       625     1.5120000000E+005
       626     1.6560500000E+005
       627     1.4640500000E+005
       628     1.5360500000E+005
       629     2.1840500000E+005
       630     2.2560000000E+005
       631     2.1960500000E+005
       632     2.2320500000E+005
       633     2.2680500000E+005
       634     1.7520000000E+005
       635     2.2560500000E+005
       636     1.7640500000E+005
       637     1.7880500000E+005
       638     2.3040500000E+005
       639     2.2920500000E+005
       640     2.2560000000E+005
       641     2.2920500000E+005
       642     2.2440500000E+005
       643     2.2560000000E+005
       644     2.1840000000E+005
       645     2.1960500000E+005
       646     2.1960500000E+005
       647     1.6320500000E+005
       648     1.5000500000E+005
       649     1.4160500000E+005
       650     2.1120000000E+005
       651     1.4400500000E+005
       652     1.5240000000E+005
       653     1.4160500000E+005
       654     2.2800500000E+005
       655     2.2200500000E+005
       656     2.2320500000E+005
       657     2.2920000000E+005
       658     2.3280000000E+005
       659     1.8840500000E+005
       660     1.7880500000E+005
       661     2.2680500000E+005
       662     2.2320500000E+005
       663     2.4240000000E+005
       664     2.2560500000E+005
       665     2.0640500000E+005
       666     2.1600500000E+005
       667     2.1480500000E+005
       668     2.1600500000E+005
       669     2.2440500000E+005
       670     2.2680500000E+005
       671     1.6200500000E+005
       672     2.1240500000E+005
       673     1.6440500000E+005
       674     1.4400500000E+005
       675     1.6800500000E+005
       676     1.4280500000E+005
       677     1.5120500000E+005
       678     1.3800500000E+005
       679     2.2440500000E+005
       680     2.2440500000E+005
       681     2.2440500000E+005
       682     1.8840500000E+005
       683     1.8120000000E+005
       684     1.8000500000E+005
       685     1.8840500000E+005
       686     1.7880500000E+005
       687     2.2560000000E+005
       688     2.2320500000E+005
       689     2.3040500000E+005
       690     2.2320500000E+005
       691     2.5080500000E+005
       692     2.2320500000E+005
       693     2.1720500000E+005
       694     2.1240500000E+005
       695     2.0640000000E+005
       696     2.2200500000E+005
       697     2.2560500000E+005
       698     1.4640500000E+005
       699     1.4760500000E+005
       700     1.9920000000E+005
       701     1.3800000000E+005
       702     1.9440000000E+005
       703     1.9800500000E+005
       704     1.9440000000E+005
       705     1.9680000000E+005
       706     1.9080500000E+005
       707     1.9080500000E+005
       708     1.9440000000E+005
       709     1.9560500000E+005
       710     1.9560500000E+005
       711     1.9800500000E+005
       712     2.1720500000E+005
       713     1.9560500000E+005
       714     2.1480500000E+005
       715     2.1720500000E+005
       716     1.9200500000E+005
       717     2.2320500000E+005
       718     2.4120500000E+005
       719     1.7760000000E+005
       720     2.2800500000E+005
       721     2.4840000000E+005
       722     2.2440000000E+005
       723     2.4840500000E+005
       724     2.4960000000E+005
       725     2.1720500000E+005
       726     1.5240500000E+005
       727     1.4040000000E+005
       728     1.4160500000E+005
       729     1.8840500000E+005
       730     2.2080000000E+005
       731     1.9920000000E+005
       732     1.9560500000E+005
       733     1.9800500000E+005
       734     1.9800500000E+005
       735     1.9440000000E+005
       736     1.9800500000E+005
       737     2.1240500000E+005
       738     2.2200500000E+005
       739     1.7640500000E+005
       740     1.9080500000E+005
       741     2.1720500000E+005
       742     2.4120500000E+005
       743     1.8240000000E+005
       744     2.2200500000E+005
       745     2.2200500000E+005
       746     2.2320000000E+005
       747     2.2560500000E+005
       748     2.1720500000E+005
       749     1.4160500000E+005
       750     2.2200500000E+005
       751     2.1960500000E+005
       752     1.9560500000E+005
       753     1.9800500000E+005
       754     1.9800500000E+005
       755     1.7400500000E+005
       756     2.2200500000E+005
       757     2.2440500000E+005
       758     1.8360500000E+005
       759     2.2320000000E+005
       760     1.7640500000E+005
       761     2.4240500000E+005
       762     2.2200500000E+005
       763     2.2440500000E+005
       764     2.1480500000E+005
       765     2.2320000000E+005
       766     2.2080500000E+005
       767     2.1720500000E+005
       768     1.5600500000E+005
       769     1.9560500000E+005
       770     1.7760500000E+005
       771     2.0520500000E+005
       772     2.0280500000E+005
       773     2.0640000000E+005
       774     2.2440000000E+005
       775     2.1120500000E+005
       776     2.1480500000E+005
       777     2.2200500000E+005
       778     2.2200500000E+005
       779     2.2320000000E+005
       780     1.7520500000E+005
       781     2.2200000000E+005
       782     2.1960500000E+005
       783     2.1960500000E+005
       784     1.5360500000E+005
       785     1.8120500000E+005
       786     2.1960500000E+005
       787     2.1240000000E+005
       788     1.9080500000E+005
       789     2.1840500000E+005
       790     2.1840500000E+005
       791     2.2560500000E+005
       792     2.1600000000E+005
       793     2.2200500000E+005
       794     2.1480500000E+005
       795     2.1960500000E+005
       796     2.1960500000E+005
       797     2.2440500000E+005
       798     2.2320000000E+005
       799     2.2200500000E+005
       800     2.2440500000E+005
       801     2.1840000000E+005
       802     2.1960500000E+005
       803     2.1960500000E+005
       804     2.2680000000E+005
       805     1.9320500000E+005
       806     2.2200500000E+005
       807     1.7640500000E+005
       808     2.1480500000E+005
       809     2.1960500000E+005
       810     1.9080500000E+005
       811     2.2320000000E+005
       812     2.1960500000E+005
       813     2.1960500000E+005
       814     2.1960500000E+005
       815     2.2200500000E+005
       816     2.2200500000E+005
       817     2.1480500000E+005
       818     1.8120500000E+005
       819     1.8120500000E+005
       820     2.4120500000E+005
       821     2.1960500000E+005
       822     2.1960500000E+005
       823     2.2080000000E+005
       824     2.2080500000E+005
       825     2.1600000000E+005
       826     1.7640500000E+005
       827     2.4120500000E+005
       828     1.7880500000E+005
       829     1.7880500000E+005
       830     2.2080000000E+005
       831     2.2080000000E+005
       832     2.2080000000E+005
       833     1.9320500000E+005
       834     2.2080500000E+005
       835     1.7400500000E+005
       836     1.7400500000E+005
       837     2.1960500000E+005
       838     2.2080000000E+005
       839     2.2080000000E+005
       840     2.2440000000E+005
       841     1.9080000000E+005
       842     1.8960500000E+005
       843     2.0640500000E+005
       844     2.2320000000E+005
       845     2.0520500000E+005
       846     2.1960500000E+005
       847     2.1960500000E+005
       848     2.1720500000E+005
       849     2.1960500000E+005
       850     2.2920500000E+005
       851     2.2920500000E+005
       852     2.1480000000E+005
       853     1.8120500000E+005
       854     1.9440500000E+005
       855     2.1960500000E+005
       856     2.1960500000E+005
       857     2.1960500000E+005
       858     2.3160500000E+005
       859     2.2800500000E+005
       860     2.2680500000E+005
       861     2.1360500000E+005
       862     2.2080500000E+005
       863     1.8600500000E+005
       864     2.1840500000E+005
       865     2.4240000000E+005
       866     2.1960500000E+005
       867     2.2200500000E+005
       868     2.2320500000E+005
       869     2.2800500000E+005
       870     2.2800500000E+005
       871     2.4720500000E+005
       872     2.1000500000E+005
       873     2.3040500000E+005
       874     2.2680000000E+005
       875     2.2200000000E+005
       876     2.2080500000E+005
       877     2.2200500000E+005
       878     2.2920000000E+005
       879     2.1480000000E+005
       880     2.2560000000E+005
       881     2.2560000000E+005
       882     2.2560000000E+005
       883     2.3040500000E+005
       884     2.3160000000E+005
       885     2.2200500000E+005
       886     2.2200000000E+005
       887     2.1840500000E+005
       888     2.2440500000E+005
       889     2.2560500000E+005
       890     2.2560000000E+005
       891     2.2080500000E+005
       892     2.1960500000E+005
       893     1.7880500000E+005
       894     2.3400000000E+005
       895     1.9680000000E+005
       896     2.2200500000E+005
       897     2.2560500000E+005
       898     1.8600000000E+005
       899     2.2560000000E+005
       900     1.8000500000E+005
       901     2.2560500000E+005
       902     1.9080500000E+005
       903     2.2440500000E+005
       904     2.2440500000E+005
       905     1.8000000000E+005
       906     1.7880500000E+005
       907     2.3160500000E+005
       908     2.1720500000E+005
       909     1.8240500000E+005
       910     2.1600000000E+005
       911     1.7640500000E+005
       912     1.7760500000E+005
       913     2.2440500000E+005
       914     1.9080500000E+005
       915     1.9080500000E+005
       916     2.2800500000E+005
       917     1.6560500000E+005
       918     2.1480500000E+005
       919     1.8120500000E+005
       920     1.7760500000E+005
       921     2.1480500000E+005
       922     1.8480000000E+005
       923     1.8000000000E+005
       924     1.8600500000E+005
       925     2.2560500000E+005
       926     1.9080500000E+005
       927     1.9080500000E+005
       928     2.2560500000E+005
       929     1.6200000000E+005
       930     2.1360000000E+005
       931     2.1240500000E+005
       932     2.1360000000E+005
       933     1.8120500000E+005
       934     2.1480500000E+005
       935     1.8360500000E+005
       936     1.9800500000E+005
       937     1.9800500000E+005
       938     1.8120500000E+005
       939     2.2560500000E+005
       940     2.2680500000E+005
       941     1.9200500000E+005
       942     1.9080500000E+005
       943     1.8120500000E+005
       944     1.7520500000E+005
       945     2.1720500000E+005
       946     2.1480500000E+005
       947     2.2680500000E+005
       948     2.4000500000E+005
       949     1.8600500000E+005
       950     1.8720000000E+005
       951     1.8240000000E+005
       952     2.1480000000E+005
       953     1.9680500000E+005
       954     1.9920500000E+005
       955     2.2080000000E+005
       956     1.9320500000E+005
       957     2.1360500000E+005
       958     2.2680500000E+005
       959     2.1600000000E+005
       960     2.2800000000E+005
       961     2.2680000000E+005
       962     2.1840500000E+005
       963     2.1360500000E+005
       964     1.8840000000E+005
       965     2.1960500000E+005
       966     2.1240500000E+005
       967     1.7400500000E+005
       968     2.2680500000E+005
       969     1.8720500000E+005
       970     1.8840500000E+005
       971     1.9680500000E+005
       972     2.1240500000E+005
       973     1.8840500000E+005
       974     2.2800000000E+005
       975     2.2680500000E+005
       976     1.8720500000E+005
       977     2.1240500000E+005
       978     1.8960000000E+005
       979     1.8840000000E+005
       980     2.1240500000E+005
       981     1.8960000000E+005
       982     1.8840500000E+005
       983     1.9320500000E+005
       984     1.8840500000E+005
       985     1.8840500000E+005
       986     1.8840500000E+005
       987     1.8480500000E+005
       988     1.8720500000E+005
       989     2.1240500000E+005
       990     1.8480500000E+005
       991     2.1000500000E+005
       992     1.9080500000E+005
       993     1.9080500000E+005
       994     1.8840500000E+005
       995     1.8960000000E+005
       996     1.8120500000E+005
       997     1.8960500000E+005
       998     2.1000500000E+005
       999     1.9200000000E+005
      1000     1.9200500000E+005
      1001     1.8360500000E+005
      1002     1.8960000000E+005
      1003     2.1000500000E+005
      1004     1.8240500000E+005
      1005     1.8840500000E+005
      1006     2.1120000000E+005
      1007     1.8480000000E+005
      1008     1.9320000000E+005
      1009     1.9320000000E+005
      1010     1.8720000000E+005
      1011     2.1000500000E+005
      1012     2.1000500000E+005
      1013     1.8960000000E+005
      1014     2.1000500000E+005
      1015     1.8600500000E+005
      1016     2.1000500000E+005
      1017     2.1000500000E+005
      1018     2.1000500000E+005
      1019     2.1000500000E+005
      1020     1.8840500000E+005
      1021     1.8960500000E+005
      1022     2.1120000000E+005
      1023     2.1120000000E+005
      1024     2.1000500000E+005
      1025     1.8120500000E+005
      1026     2.1120000000E+005
      1027     1.9080000000E+005
      1028     1.8240000000E+005
      1029     2.3160500000E+005
      1030     1.8840500000E+005
      1031     1.8960500000E+005
      1032     1.8240500000E+005
      1033     1.8480500000E+005
      1034     1.9080000000E+005
      1035     1.8240500000E+005
      1036     1.8720500000E+005
      1037     1.9680000000E+005
      1038     1.9320500000E+005
      1039     1.9440500000E+005
      1040     1.9560500000E+005
      1041     1.9200000000E+005
      1042     1.9560500000E+005
      1043     1.9440500000E+005
      1044     1.9560500000E+005
      1045     1.9800500000E+005
      1046     2.1120000000E+005
      1047     1.9440500000E+005
      1048     1.9560500000E+005
      1049     2.1960500000E+005
      1050     1.9440500000E+005
      1051     2.1720500000E+005
      1052     2.1240500000E+005
      1053     1.9560500000E+005
      1054     2.0040000000E+005
      1055     1.9440500000E+005
      1056     1.9320500000E+005
      1057     1.9800500000E+005
      1058     1.9800500000E+005
      1059     1.9800500000E+005
      1060     1.9800000000E+005
      1061     1.9680500000E+005
      1062     1.9680500000E+005
      1063     1.9560500000E+005
      1064     1.9560500000E+005
      1065     1.9680500000E+005
      1066     1.9800500000E+005
      1067     1.9800500000E+005
      1068     1.9800500000E+005
      1069     2.0280500000E+005
