  nc_newport_river_core_cr4_bath    v31.06 iterative         Albemarle-Pamlico Estuar
          2       1069  0.1000000E+001        1     1 FileFmtVersion:    1050624
     2.5920000000E+005          51840
         1     0.0000000000E+000
         2     1.3030085463E-001
         3     3.3405118685E-001
         4     3.7019657571E-001
         5     4.8518940984E-001
         6     5.4484380765E-001
         7     5.1861020172E-001
         8     6.5929682903E-001
         9     3.4414938584E-001
        10     5.3284734845E-001
        11     6.5906704898E-001
        12     3.4208304892E-001
        13     3.9631844130E-001
        14     6.9066078862E-001
        15     3.6918451631E-001
        16     6.1923065367E-001
        17     7.7395278712E-001
        18     6.7330323331E-001
        19     1.1829983710E+000
        20     0.0000000000E+000
        21     5.2543143660E-001
        22     1.0305140702E+000
        23     1.3643877639E+000
        24     1.8954251965E-001
        25     5.3568668602E-001
        26     1.3418984039E+000
        27     1.2919505515E+000
        28     6.1154502766E-001
        29     3.0790591879E+000
        30     7.3134219204E-001
        31     1.0920746696E+000
        32     5.8842979352E-001
        33     5.9248890368E-001
        34     1.0058123265E+000
        35     1.0503076177E+000
        36     6.7530874784E-001
        37     1.0390352406E+000
        38     1.0816027393E+000
        39     1.5114789312E+000
        40     7.5704443683E-001
        41     0.0000000000E+000
        42     9.6277582379E-001
        43     0.0000000000E+000
        44     0.0000000000E+000
        45     4.2721804360E+000
        46     1.5384357609E+000
        47     9.9999018866E-001
        48     1.0283036285E+000
        49     1.0130514690E+000
        50     1.2308679114E+000
        51     4.8041171555E-001
        52     3.7037469603E-001
        53     5.9120994400E-001
        54     1.2486601621E+000
        55     1.5551805703E+000
        56     1.1001527794E+000
        57     1.0769680850E+000
        58     1.2049558614E+000
        59     3.4933772878E-001
        60     0.0000000000E+000
        61     1.0352656307E+000
        62     8.4018082714E-001
        63     4.2041340034E-001
        64     9.2809765936E-001
        65     9.0407084251E-001
        66     8.1774630754E-001
        67     7.3694441585E-001
        68     1.1632725613E+000
        69     1.2687789524E+000
        70     1.7168508173E+000
        71     7.4175518164E-001
        72     3.7399132870E-001
        73     7.8435048074E-001
        74     6.5961967386E-001
        75     4.0898456448E-001
        76     3.3989747899E-001
        77     3.3629173225E-001
        78     0.0000000000E+000
        79     5.5085651853E-001
        80     7.4680338052E-001
        81     1.2407362921E+000
        82     8.2402287608E-001
        83     9.0850795037E-001
        84     9.8890799739E-001
        85     8.9766825878E-001
        86     1.1426216391E+000
        87     1.1523452317E+000
        88     2.5072793094E-001
        89     7.2917116820E-001
        90     7.9498982544E-001
        91     6.3670260416E-001
        92     6.4146692576E-001
        93     5.6815680245E-001
        94     1.0558918283E+000
        95     7.6130056800E-001
        96     1.0519325590E+000
        97     9.0096387814E-001
        98     9.7519814957E-001
        99     1.2438822028E+000
       100     6.9195861527E-001
       101     7.0569874816E-001
       102     6.4952880382E-001
       103     5.9337903148E-001
       104     1.3652060041E+000
       105     0.0000000000E+000
       106     5.0553416848E-001
       107     7.2543866305E-001
       108     6.8178232674E-001
       109     3.9117671506E-001
       110     2.4764474799E+000
       111     8.1118040402E-001
       112     8.3344740107E-001
       113     1.0878568943E+000
       114     1.1338305994E+000
       115     8.6694557141E-001
       116     8.8979113870E-001
       117     7.2964834441E-001
       118     5.6937828074E-001
       119     6.7200987814E-001
       120     0.0000000000E+000
       121     7.4025358423E-001
       122     5.1884705107E-001
       123     1.1833340982E+000
       124     0.0000000000E+000
       125     4.3541566552E-001
       126     3.8949850333E-001
       127     5.6235035188E-001
       128     1.0324867840E+000
       129     6.7127160783E-001
       130     1.0612650442E+000
       131     7.3211442477E-001
       132     1.1867789788E+000
       133     1.0559082082E+000
       134     1.1841686953E+000
       135     8.6165792997E-001
       136     6.4045545366E-001
       137     7.4218866470E-001
       138     7.1264915956E-001
       139     6.4070223450E-001
       140     5.8271562281E-001
       141     3.7364869366E-001
       142     4.5904880248E-001
       143     4.1539621968E-001
       144     0.0000000000E+000
       145     4.7557145288E-001
       146     1.1130851489E+000
       147     7.7277346814E-001
       148     1.2357704266E+000
       149     1.0634295750E+000
       150     1.1050147241E+000
       151     1.1297789043E+000
       152     1.2817976490E+000
       153     6.5938050084E-001
       154     7.7449460058E-001
       155     9.9519811153E-001
       156     4.5691270316E-001
       157     6.6763730846E-001
       158     6.1216541255E-001
       159     6.4591782271E-001
       160     3.1265945919E-001
       161     4.6006342523E-001
       162     3.9546530284E-001
       163     7.8973195036E-001
       164     1.2842823318E+000
       165     1.1355704964E+000
       166     8.8607314177E-001
       167     1.0752963939E+000
       168     1.2909429174E+000
       169     5.1747665178E-001
       170     1.2816082769E+000
       171     9.8914187815E-001
       172     0.0000000000E+000
       173     5.7599901817E-001
       174     8.1264853729E-001
       175     5.7456099715E-001
       176     1.1268238204E+000
       177     7.7329164633E-001
       178     7.4548576734E-001
       179     1.2673708394E+000
       180     1.0473683599E+000
       181     1.2165386561E+000
       182     1.1244224235E+000
       183     0.0000000000E+000
       184     1.0423359881E+001
       185     1.0816936995E+000
       186     1.3376310026E+000
       187     8.0159085640E-001
       188     1.3780877190E+000
       189     1.4784578956E+000
       190     7.4452729191E-001
       191     1.3066308341E+000
       192     9.5439303044E-001
       193     1.0456128565E+000
       194     0.0000000000E+000
       195     9.6358427092E-001
       196     5.6786606848E-001
       197     3.2920779626E-001
       198     0.0000000000E+000
       199     6.1340964344E-001
       200     8.4037583875E-001
       201     1.0191850859E+000
       202     8.2003468212E-001
       203     6.9679992964E-001
       204     7.4696199403E-001
       205     9.3243175357E-001
       206     1.2070581108E+000
       207     1.1606153307E+000
       208     7.9592344710E-001
       209     4.1582185845E+000
       210     1.3864841808E+000
       211     9.3252086326E-001
       212     8.1676461823E-001
       213     7.0823326747E-001
       214     7.7796112007E-001
       215     8.1866142404E-001
       216     8.2191012146E-001
       217     1.3554646941E+000
       218     1.2051553930E+000
       219     5.9065487486E-001
       220     8.0992991289E-001
       221     6.5865423310E-001
       222     1.0706942772E+000
       223     7.7465653620E-001
       224     6.8146279211E-001
       225     6.9999627427E-001
       226     1.0150209331E+000
       227     1.0974048491E+000
       228     8.4971794169E-001
       229     7.3677144290E-001
       230     8.7776046390E-001
       231     2.5597069199E+000
       232     9.7856729345E-001
       233     4.2957433651E+000
       234     7.9101679134E-001
       235     8.9562715832E-001
       236     7.3036538201E-001
       237     6.7371628296E-001
       238     4.6775169753E-001
       239     3.1444134171E-002
       240     1.2244098539E+000
       241     7.2966258174E-001
       242     7.5330621158E-001
       243     7.4216256213E-001
       244     1.4208851754E+000
       245     9.5559034195E-001
       246     1.0747783079E+000
       247     9.0586739742E-001
       248     7.0703883884E-001
       249     9.5337424779E-001
       250     7.3551097870E-001
       251     6.8357062901E-001
       252     7.5245317947E-001
       253     1.1645383257E+000
       254     3.0700722631E+000
       255     2.6810274437E+000
       256     1.4986284857E+000
       257     1.5048591549E+000
       258     1.1008159790E+000
       259     6.3838903679E-001
       260     1.1416516994E+000
       261     7.0933403843E-001
       262     6.5679102605E-001
       263     7.2002639351E-001
       264     4.4507561326E+000
       265     8.7500144171E-001
       266     1.3153126051E+000
       267     7.1503083448E-001
       268     7.4055452589E-001
       269     1.3514815594E+000
       270     1.3387813333E+000
       271     1.0140233240E+000
       272     7.9315180013E-001
       273     6.4387507266E-001
       274     6.4448147222E-001
       275     6.9607804226E-001
       276     6.8515891011E-001
       277     1.0913674047E+000
       278     1.1829385172E+000
       279     1.7484190512E+000
       280     1.4563121046E+000
       281     9.9871029960E-001
       282     9.6389959017E-001
       283     1.1716013854E+000
       284     6.6080157000E-001
       285     7.7090090296E-001
       286     7.4803788063E-001
       287     1.0873626617E+000
       288     1.0525750878E+000
       289     1.2424921335E+000
       290     6.7942692464E-001
       291     9.1453134915E-001
       292     1.2707831867E+000
       293     9.9333203654E-001
       294     9.1498899388E-001
       295     5.0572923424E-001
       296     0.0000000000E+000
       297     7.9314166191E-001
       298     7.2565366960E-001
       299     7.6764368484E-001
       300     1.5428915732E+000
       301     1.2684748211E+000
       302     1.4020367884E+000
       303     8.9158130274E-001
       304     8.0729876365E-001
       305     1.2201088349E+000
       306     9.0099901118E-001
       307     8.4137031598E-001
       308     1.0507690354E+000
       309     1.4760233164E+000
       310     1.1783759779E+000
       311     1.3146464133E+000
       312     1.3288325250E+000
       313     8.3937588408E-001
       314     8.5443026577E-001
       315     4.2502439628E-001
       316     8.2282898193E-001
       317     5.8769145701E-001
       318     8.5182194617E-001
       319     9.2088346849E-001
       320     9.0867983384E-001
       321     1.2966845277E+000
       322     1.3347184584E+000
       323     1.1933384712E+000
       324     1.0821661337E+000
       325     1.5590241279E+000
       326     1.0644810286E+000
       327     1.2483352645E+000
       328     1.2499546858E+000
       329     1.0066712720E+000
       330     1.0265792244E+000
       331     1.0717428790E+000
       332     1.0836211458E+000
       333     1.0696128773E+000
       334     1.2839763879E+000
       335     1.1615830989E+000
       336     7.7176719007E-001
       337     8.6733938539E-001
       338     9.8754279170E-001
       339     1.2831903166E+000
       340     1.2513331474E+000
       341     1.5311174357E+000
       342     1.0012709108E+000
       343     1.1778682019E+000
       344     1.2930589888E+000
       345     1.3387144682E+000
       346     2.0749544515E+000
       347     6.4930794471E+000
       348     1.2136853978E+000
       349     1.1634994635E+000
       350     1.1649234155E+000
       351     1.1934930548E+000
       352     7.6977071701E-001
       353     1.0117828907E+000
       354     9.2041287659E-001
       355     0.0000000000E+000
       356     1.1560859973E+000
       357     1.1040049439E+000
       358     2.2114353750E+000
       359     9.6843484972E-001
       360     1.0361235542E+000
       361     1.2483353369E+000
       362     1.4270407423E+000
       363     1.1746605237E+000
       364     1.3559727145E+000
       365     1.4718871128E+000
       366     1.2287071198E+000
       367     1.2331923281E+000
       368     1.2801120128E+000
       369     1.2433984105E+000
       370     2.9480754623E+000
       371     1.4449604357E+000
       372     8.5043418314E+000
       373     4.0398254286E+000
       374     4.1980187867E+000
       375     2.6293207426E+000
       376     5.9084009380E+000
       377     9.5405144605E-001
       378     9.5905038589E-001
       379     9.8907380832E-001
       380     9.0023561472E-001
       381     4.7745269485E+000
       382     1.5690346903E+000
       383     1.0190684410E+000
       384     0.0000000000E+000
       385     1.1156000266E+000
       386     1.0086726022E+000
       387     4.9967669768E+000
       388     1.1306288735E+000
       389     1.2169932703E+000
       390     1.2636925580E+000
       391     1.5607087281E+000
       392     1.5067676226E+000
       393     1.6338649525E+000
       394     1.2000184918E+000
       395     1.1398588243E+000
       396     1.2102975032E+000
       397     1.1430750609E+000
       398     1.0631001581E+000
       399     1.1954270070E+000
       400     8.1207454044E-001
       401     1.0026213305E+000
       402     9.7664677295E-001
       403     1.0330734272E+000
       404     1.4125882716E+000
       405     1.2538717928E+000
       406     1.1675575215E+000
       407     1.0797412288E+000
       408     1.0455569740E+000
       409     1.1716811167E+000
       410     1.0002717311E+000
       411     0.0000000000E+000
       412     1.5286907824E+000
       413     1.5474302537E+000
       414     1.0681594526E+000
       415     1.3185222589E+000
       416     1.4731204201E+000
       417     1.3364602486E+000
       418     1.5477705628E+000
       419     1.1296552452E+000
       420     1.1617917986E+000
       421     1.1553078018E+000
       422     1.1698738834E+000
       423     9.2832983949E-001
       424     1.1047769698E+000
       425     9.2512174615E-001
       426     1.0336845051E+000
       427     1.1619126591E+000
       428     1.1319924525E+000
       429     1.3887015943E+000
       430     1.4597855822E+000
       431     2.1886470313E+000
       432     4.2780308760E+000
       433     1.2470966570E+000
       434     1.0115401824E+000
       435     1.1807051351E+000
       436     1.6422939190E+000
       437     1.2425640968E+000
       438     1.0227041564E+000
       439     1.0922798657E+000
       440     9.3997533939E-001
       441     1.3863675691E+000
       442     1.3895237680E+000
       443     1.1799905046E+000
       444     1.1190280282E+000
       445     1.1060410448E+000
       446     1.0928109525E+000
       447     9.4446517700E-001
       448     1.0680119484E+000
       449     1.0781519708E+000
       450     1.0305240489E+000
       451     1.1931045097E+000
       452     1.1875813472E+000
       453     1.1309324067E+000
       454     1.0328155527E+000
       455     1.1856134389E+000
       456     1.1281979211E+000
       457     8.6937754034E-001
       458     3.4749178070E+000
       459     1.2769511616E+000
       460     5.0784205621E+000
       461     1.3372543876E+000
       462     9.3861457816E-001
       463     1.0164301178E+000
       464     1.0166536332E+000
       465     1.3000847187E+000
       466     1.1608421797E+000
       467     1.0977594467E+000
       468     1.0936163245E+000
       469     1.1100635854E+000
       470     1.0189831886E+000
       471     1.0391369980E+000
       472     1.1283841165E+000
       473     1.1408778013E+000
       474     9.9406420879E-001
       475     1.3171487867E+000
       476     1.0909207999E+000
       477     1.0967817473E+000
       478     1.0574992650E+000
       479     9.0326582409E-001
       480     2.9658681436E+000
       481     6.9846332513E+000
       482     9.0415175662E-001
       483     9.2140633621E-001
       484     1.1977636501E+000
       485     1.0769369151E+000
       486     1.0934451322E+000
       487     1.1377570218E+000
       488     1.0020820138E+000
       489     9.8851264621E-001
       490     1.0820673495E+000
       491     9.9861834419E-001
       492     1.0148969708E+000
       493     1.0302082082E+000
       494     1.0572038717E+000
       495     1.0438605130E+000
       496     1.0953830527E+000
       497     1.0060559409E+000
       498     1.0513830506E+000
       499     9.5263535977E-001
       500     0.0000000000E+000
       501     3.2122573184E+000
       502     8.2414309096E-001
       503     9.5087320477E-001
       504     1.0193896468E+000
       505     9.9516068540E-001
       506     1.0773660998E+000
       507     9.9449967621E-001
       508     1.0919881831E+000
       509     1.0168722628E+000
       510     1.0240194499E+000
       511     1.1017951597E+000
       512     1.0296664749E+000
       513     1.0432226864E+000
       514     9.7290050390E-001
       515     9.5176105338E-001
       516     1.0257125232E+000
       517     1.0350245073E+000
       518     1.0658145946E+000
       519     1.0550344222E+000
       520     1.0537645385E+000
       521     9.3076179213E-001
       522     9.6802376293E-001
       523     3.5948136740E+000
       524     8.3262509349E-001
       525     8.9763293405E-001
       526     8.9377087293E-001
       527     9.9769070187E-001
       528     1.0020811722E+000
       529     1.0217245403E+000
       530     1.2475293654E+000
       531     1.1221135419E+000
       532     1.0217060413E+000
       533     1.0211609125E+000
       534     1.0340286428E+000
       535     1.0094061337E+000
       536     1.0031188665E+000
       537     1.0357421036E+000
       538     1.0776363860E+000
       539     1.1661644957E+000
       540     1.1050792037E+000
       541     1.0840870917E+000
       542     1.0533827980E+000
       543     1.0147052305E+000
       544     1.0542872101E+000
       545     8.0148353427E-001
       546     1.2278103456E+000
       547     4.0260915130E+000
       548     1.3131457647E+000
       549     9.7085829756E-001
       550     7.4225983091E-001
       551     8.0562845921E-001
       552     8.4310098571E-001
       553     9.0620139492E-001
       554     9.9204966046E-001
       555     1.0145570632E+000
       556     1.0142706861E+000
       557     8.7968895700E-001
       558     9.6371606559E-001
       559     9.4022480216E-001
       560     9.6360245655E-001
       561     1.0006788044E+000
       562     1.0816534115E+000
       563     1.0569936139E+000
       564     9.9720471576E-001
       565     9.5965073222E-001
       566     7.7252690221E-001
       567     6.2131345828E-001
       568     8.8176920826E-001
       569     2.6841691987E+000
       570     8.5829664556E-001
       571     8.3132720307E-001
       572     1.5593609047E+000
       573     8.0494611963E-001
       574     7.1528476027E-001
       575     8.6757725368E-001
       576     6.9116468755E-001
       577     8.7809185849E-001
       578     8.4684801601E-001
       579     8.0434770232E-001
       580     9.0420193130E-001
       581     8.4199441123E-001
       582     8.9515947384E-001
       583     8.4649491866E-001
       584     8.9390738606E-001
       585     8.5815393746E-001
       586     8.5994644251E-001
       587     8.7621844358E-001
       588     8.7785546150E-001
       589     5.6855738672E-001
       590     2.7922715390E+000
       591     9.6244710645E-001
       592     1.0533148525E+000
       593     9.3178278476E-001
       594     9.0347770316E-001
       595     6.2855131089E-001
       596     7.5330529190E-001
       597     8.8027389040E-001
       598     7.8035409985E-001
       599     7.6574521658E-001
       600     6.7304994942E-001
       601     7.0600297526E-001
       602     6.5110263940E-001
       603     8.0380451489E-001
       604     7.3986807323E-001
       605     8.1646776143E-001
       606     7.8298900338E-001
       607     7.4521976591E-001
       608     7.7976257243E-001
       609     6.7406390939E-001
       610     7.8446121693E-001
       611     7.4923796096E-001
       612     1.1095582896E+000
       613     7.2147743647E-001
       614     2.6810610512E+000
       615     8.6591297347E-001
       616     1.8185855950E+000
       617     8.6700034499E-001
       618     8.2517231116E-001
       619     1.0872340816E+000
       620     1.1418271076E+000
       621     9.5336662143E-001
       622     8.7221225465E-001
       623     6.5822027106E-001
       624     9.1939326340E-001
       625     8.1021123721E-001
       626     6.9040476368E-001
       627     7.1623745978E-001
       628     6.3958134548E-001
       629     6.9946447727E-001
       630     7.2172653681E-001
       631     6.9693255545E-001
       632     6.8645711913E-001
       633     7.0273124796E-001
       634     8.2171740440E-001
       635     7.0627903554E-001
       636     6.1490019580E-001
       637     7.9287339948E-001
       638     1.0531412192E+000
       639     8.4584966572E-001
       640     8.0823568843E-001
       641     8.3006523825E-001
       642     1.0028129709E+000
       643     1.0021422038E+000
       644     9.9990366509E-001
       645     8.3811774480E-001
       646     1.0131975934E+000
       647     5.8563245895E-001
       648     8.4877008493E-001
       649     8.6561739352E-001
       650     6.6125590854E-001
       651     6.4609304654E-001
       652     6.2667156354E-001
       653     6.4507779220E-001
       654     6.3279097227E-001
       655     6.4361854640E-001
       656     6.1832694175E-001
       657     6.1539104692E-001
       658     5.7674889935E-001
       659     5.6463288957E-001
       660     9.0539775686E-001
       661     9.9177823148E-001
       662     7.5960755393E-001
       663     8.9369602334E-001
       664     1.3121841769E+000
       665     1.1354921555E+000
       666     1.1876576525E+000
       667     1.0447290653E+000
       668     1.0449686651E+000
       669     9.0292845723E-001
       670     9.3983905162E-001
       671     8.2610392680E-001
       672     8.4530818333E-001
       673     6.0746466252E-001
       674     7.9350672669E-001
       675     7.8693197692E-001
       676     6.1735163503E-001
       677     6.0396277912E-001
       678     6.2411279061E-001
       679     5.5255560455E-001
       680     5.7005974171E-001
       681     5.9087740258E-001
       682     5.3121675752E-001
       683     6.5981336345E-001
       684     0.0000000000E+000
       685     6.4431105143E-001
       686     7.5601964089E-001
       687     9.6519216611E-001
       688     9.3871989404E-001
       689     5.0519078679E+000
       690     2.5304878497E+000
       691     1.1846950993E+000
       692     2.1257553918E+000
       693     4.8528324387E+000
       694     4.5378557780E+000
       695     9.9689064389E-001
       696     1.0423742379E+000
       697     7.3614756998E-001
       698     8.0379529605E-001
       699     7.4563307428E-001
       700     6.9469424976E-001
       701     7.4697953470E-001
       702     5.7878660671E-001
       703     6.6755097512E-001
       704     5.7369676989E-001
       705     5.9420082246E-001
       706     5.3422367040E-001
       707     5.6113271331E-001
       708     4.0754956795E-001
       709     6.2846194798E-001
       710     5.7319140010E-001
       711     0.0000000000E+000
       712     8.4595559709E-001
       713     1.5270652043E+000
       714     1.0007648343E+000
       715     1.3535791414E+000
       716     2.7098333390E+000
       717     1.5951609415E+000
       718     1.6183343082E+000
       719     2.7183410011E+000
       720     1.8542134341E+000
       721     2.0270550816E+000
       722     3.2556415134E+000
       723     2.2596130938E+000
       724     9.9893583820E-001
       725     1.0805838897E+000
       726     6.8829622703E-001
       727     6.5568519416E-001
       728     6.7805598183E-001
       729     7.5890739295E-001
       730     6.7411046716E-001
       731     6.6724887135E-001
       732     8.3472906776E-001
       733     6.8506594109E-001
       734     6.7417970548E-001
       735     7.4848742457E-001
       736     8.6516967405E-001
       737     7.4341693430E-001
       738     1.2870286145E+000
       739     8.9276050909E-001
       740     1.1739039313E+000
       741     6.2034748213E-001
       742     1.0987013536E+000
       743     1.0729578437E+000
       744     1.3248139048E+000
       745     9.6752973885E-001
       746     2.8771257403E+000
       747     2.0165751634E+000
       748     9.3776081951E-001
       749     7.1320614517E-001
       750     6.1176394293E-001
       751     6.6741741621E-001
       752     8.6691292980E-001
       753     9.2573993594E-001
       754     9.9037190354E-001
       755     7.9565308913E-001
       756     1.4199386700E+000
       757     1.1111872073E+000
       758     2.6068130149E+000
       759     9.6094933769E-001
       760     1.0790090987E+000
       761     3.5497428385E+000
       762     1.0829112529E+000
       763     2.4023241648E+000
       764     7.9039310210E-001
       765     6.6403212339E-001
       766     6.0078005824E-001
       767     6.2443650551E-001
       768     8.1027547085E-001
       769     8.8440583855E-001
       770     7.2039761540E-001
       771     1.2519530101E+000
       772     1.1952220983E+000
       773     1.4323688041E+000
       774     8.3533494849E-001
       775     3.8774814743E+000
       776     9.2003250726E-001
       777     2.6761288475E+000
       778     1.1972695036E+000
       779     1.0478832045E+000
       780     8.1184619774E-001
       781     6.6323388691E-001
       782     6.3033991176E-001
       783     6.0926740254E-001
       784     7.4607062999E-001
       785     7.9211910050E-001
       786     6.7514263894E-001
       787     2.5792072767E+000
       788     1.5768127093E+000
       789     5.6730452057E+000
       790     1.0332057743E+000
       791     3.4876316549E+000
       792     8.4629871531E-001
       793     1.1514270227E+000
       794     9.1175973814E-001
       795     7.9627932056E-001
       796     6.3331401564E-001
       797     6.0701440017E-001
       798     9.4757253224E-001
       799     5.5247187063E-001
       800     0.0000000000E+000
       801     7.2920250161E-001
       802     1.8883097018E+000
       803     1.1988718225E+000
       804     2.6684912341E+000
       805     8.4099560268E-001
       806     1.1580004503E+000
       807     6.1048505074E-001
       808     9.1966392084E-001
       809     7.4709330633E-001
       810     7.5123515694E-001
       811     4.5604717116E-001
       812     8.7430756017E-001
       813     3.7225398115E+000
       814     1.1912290192E+000
       815     9.3830699356E-001
       816     0.0000000000E+000
       817     8.1787533647E-001
       818     9.5661959821E-001
       819     1.2676999569E+000
       820     8.3307592852E-001
       821     8.2247195961E-001
       822     9.5361934569E-001
       823     9.9878816278E-001
       824     9.2077277213E-001
       825     9.7288322707E-001
       826     7.9952594851E-001
       827     7.7520289745E-001
       828     1.1468796189E+000
       829     1.0430731424E+000
       830     6.8540293475E-001
       831     9.2351556478E-001
       832     6.1422694384E-001
       833     0.0000000000E+000
       834     6.6867728093E-001
       835     6.9370114408E-001
       836     1.0484615108E+000
       837     9.0116320323E-001
       838     1.0776000138E+000
       839     8.6953650570E-001
       840     5.8136685395E-001
       841     7.1759999374E-001
       842     3.7388943686E-001
       843     8.0292700516E-001
       844     1.1387174600E+000
       845     1.1367588195E+000
       846     7.4107159495E-001
       847     1.0786215244E+000
       848     1.0337372199E+000
       849     7.1440597680E-001
       850     1.0813659231E+000
       851     5.6096106080E-001
       852     1.2516415446E+000
       853     1.1596225401E+000
       854     1.7722166536E+000
       855     1.2695429171E+000
       856     1.0113296481E+000
       857     4.4925232404E+000
       858     0.0000000000E+000
       859     1.0103925413E+000
       860     6.1042744774E-001
       861     1.4551924837E+000
       862     1.6154703649E+000
       863     1.3637902038E+000
       864     1.3074214682E+000
       865     1.1949369674E+000
       866     7.5956461777E-001
       867     5.7522264902E-001
       868     8.1356075945E-001
       869     7.5152869523E-001
       870     9.5281862994E-001
       871     1.5343964384E+000
       872     0.0000000000E+000
       873     3.1958755327E-001
       874     1.7521907594E+000
       875     1.6188278107E+000
       876     1.4720339819E+000
       877     1.1632476145E+000
       878     1.0173834680E+000
       879     2.8930973420E+000
       880     1.7720436932E+000
       881     2.9009416768E-001
       882     0.0000000000E+000
       883     2.5574160535E-001
       884     3.6497531636E-001
       885     2.1510649898E+000
       886     1.6013660665E+000
       887     3.6851885251E+000
       888     1.4441573773E+000
       889     7.6496204974E-001
       890     2.2007709490E-001
       891     1.6509250559E+000
       892     9.9544478121E-001
       893     3.0922645148E-001
       894     5.0295614066E-001
       895     1.4924699190E+000
       896     1.7812278402E+000
       897     1.0264098953E+000
       898     9.6881304019E-001
       899     8.2745547222E-001
       900     5.4237574339E+000
       901     5.5879863493E-001
       902     0.0000000000E+000
       903     3.5724441467E-001
       904     3.9041875388E-001
       905     4.5417184932E-001
       906     5.3485041481E-001
       907     3.7025246182E-001
       908     6.5946100433E-001
       909     8.0209117653E-001
       910     1.2423737871E+000
       911     5.5020271640E-001
       912     7.7762765399E-001
       913     1.5824998988E+000
       914     3.5162233423E-001
       915     1.8125089383E-001
       916     4.7441094792E-001
       917     6.2134234173E-001
       918     1.2865207000E+000
       919     5.7872406230E-001
       920     5.2081470155E-001
       921     3.6882839168E-001
       922     7.6646540354E-001
       923     6.3687560391E-001
       924     4.8733286973E-001
       925     2.0313869441E+000
       926     5.5977931405E-001
       927     7.0456682761E-001
       928     6.5740146725E-001
       929     4.9826581169E-001
       930     7.4452667064E-001
       931     6.1252684064E-001
       932     7.5418907321E-001
       933     8.8228457054E-001
       934     5.0839920175E-001
       935     7.0107950559E-001
       936     4.8705916414E-001
       937     5.6356254300E-001
       938     5.1313915118E-001
       939     1.0296484720E+000
       940     1.3485329418E+000
       941     6.0396249250E-001
       942     5.4704720006E-001
       943     5.0463280642E-001
       944     9.5198408628E-001
       945     1.0576980183E+000
       946     1.1308648140E+000
       947     9.9102838666E-001
       948     6.2427853753E-001
       949     6.6596184754E-001
       950     6.1139268720E-001
       951     5.8127300872E-001
       952     3.8642517797E-001
       953     5.3282201276E-001
       954     9.1793687341E-001
       955     1.0696513675E+000
       956     7.7113848849E-001
       957     5.0795772737E-001
       958     9.6249046724E-001
       959     1.0476758475E+000
       960     7.2969187433E-001
       961     7.4636518584E-001
       962     6.1182789434E-001
       963     5.5011702729E-001
       964     1.0163183347E+000
       965     6.9015741425E-001
       966     6.1114747488E-001
       967     1.1881345503E+000
       968     9.0852650174E-001
       969     7.7014326829E-001
       970     6.6129265680E-001
       971     1.0588394249E+000
       972     6.9198911997E-001
       973     0.0000000000E+000
       974     1.2357495632E+000
       975     8.5270103948E-001
       976     8.0038340356E-001
       977     6.5535840329E-001
       978     5.5068622012E-001
       979     1.1653393476E+000
       980     7.4310971328E-001
       981     6.1604331931E-001
       982     1.1690547999E+000
       983     0.0000000000E+000
       984     8.9479699853E-001
       985     8.1552047317E-001
       986     6.1855272965E-001
       987     5.0200162115E-001
       988     1.1594657522E+000
       989     8.1651022150E-001
       990     6.2249139124E-001
       991     1.2332122503E+000
       992     3.2351109120E-001
       993     7.1666555480E-001
       994     9.3771246238E-001
       995     7.5350275403E-001
       996     8.6006336651E-001
       997     1.1364597581E+000
       998     1.1122440897E+000
       999     5.1834117977E-001
      1000     6.2589265629E-001
      1001     9.4066181244E-001
      1002     8.0403741940E-001
      1003     8.0463609951E-001
      1004     5.9050715620E-001
      1005     7.7472228383E-001
      1006     1.0637302359E+000
      1007     6.2198467964E-001
      1008     8.3897894920E-001
      1009     8.0054393285E-001
      1010     5.2026272773E-001
      1011     7.0969200878E-001
      1012     5.5167125289E-001
      1013     7.6426515723E-001
      1014     1.0762807025E+000
      1015     6.4446447200E-001
      1016     1.0750832588E+000
      1017     4.5489136412E-001
      1018     5.8938307565E-001
      1019     5.5094370512E-001
      1020     6.2023242899E-001
      1021     9.1778894938E-001
      1022     9.9374833810E-001
      1023     5.0995751955E-001
      1024     5.6482732259E-001
      1025     3.8112702518E-001
      1026     6.2480975877E-001
      1027     9.3578284225E-001
      1028     8.1677987531E-001
      1029     7.5370758259E-001
      1030     5.6617087976E-001
      1031     9.5861721133E-001
      1032     1.0160546704E+000
      1033     1.2041828206E+000
      1034     9.6849223698E-001
      1035     1.7358387313E+000
      1036     1.2774033819E+000
      1037     2.0228889599E+000
      1038     9.3956971339E-001
      1039     1.1909994329E+000
      1040     1.2769531573E+000
      1041     4.8443795812E-001
      1042     9.8182551268E-001
      1043     6.6456735882E-001
      1044     7.7664770281E-001
      1045     8.6480007708E-001
      1046     3.2073562540E-001
      1047     0.0000000000E+000
      1048     3.9278854040E-001
      1049     4.4891416425E-001
      1050     6.5937196613E-001
      1051     2.5842041538E-001
      1052     2.8923125359E-001
      1053     2.0390007889E-001
      1054     4.1954203669E-001
      1055     0.0000000000E+000
      1056     9.1275295114E-001
      1057     6.8758301079E-001
      1058     5.6497181662E-001
      1059     7.0981897142E-001
      1060     4.2900638747E-001
      1061     7.6956908732E-001
      1062     4.2743690871E-001
      1063     7.1026661538E-001
      1064     4.6668650572E-001
      1065     5.3414443141E-001
      1066     2.6830792441E-001
      1067     4.5069173864E-001
      1068     1.2225702412E-001
      1069     0.0000000000E+000
     2.5920000000E+005          51840
         1    -9.9999000000E+004
         2     1.6917500000E+005
         3     1.9601500000E+005
         4     1.6934500000E+005
         5     1.6928000000E+005
         6     1.7881500000E+005
         7     1.6918000000E+005
         8     1.7847000000E+005
         9     1.7890000000E+005
        10     1.9627000000E+005
        11     1.7900500000E+005
        12     1.6790000000E+005
        13     1.9464500000E+005
        14     1.8585000000E+005
        15     1.7880500000E+005
        16     1.9452500000E+005
        17     1.6718500000E+005
        18     1.9257000000E+005
        19     1.6698500000E+005
        20    -9.9999000000E+004
        21     2.1512000000E+005
        22     1.6776000000E+005
        23     1.6771000000E+005
        24     2.2334500000E+005
        25     2.1810000000E+005
        26     1.6819000000E+005
        27     1.8557500000E+005
        28     2.1605500000E+005
        29     2.2266500000E+005
        30     1.8480000000E+005
        31     1.6788000000E+005
        32     1.9440000000E+005
        33     1.9206000000E+005
        34     1.8553500000E+005
        35     1.6652500000E+005
        36     1.9440000000E+005
        37     1.9088000000E+005
        38     1.6554000000E+005
        39     1.9658500000E+005
        40     2.0034500000E+005
        41    -9.9999000000E+004
        42     1.9440000000E+005
        43    -9.9999000000E+004
        44    -9.9999000000E+004
        45     2.1815500000E+005
        46     2.0308000000E+005
        47     1.9440000000E+005
        48     1.9440000000E+005
        49     1.7096000000E+005
        50     1.7351500000E+005
        51     2.0840000000E+005
        52     1.9845000000E+005
        53     1.6850500000E+005
        54     1.6505500000E+005
        55     2.1383000000E+005
        56     1.6618500000E+005
        57     1.8788000000E+005
        58     2.0086000000E+005
        59     1.7508000000E+005
        60    -9.9999000000E+004
        61     1.8113500000E+005
        62     1.7830000000E+005
        63     1.7774000000E+005
        64     1.9938000000E+005
        65     1.6450500000E+005
        66     2.1779000000E+005
        67     1.8128500000E+005
        68     1.6638000000E+005
        69     1.9440000000E+005
        70     2.2647500000E+005
        71     1.9847500000E+005
        72     1.7941500000E+005
        73     1.7715500000E+005
        74     1.7989000000E+005
        75     1.7917500000E+005
        76     1.7414500000E+005
        77     2.1114500000E+005
        78    -9.9999000000E+004
        79     1.9973500000E+005
        80     2.0954500000E+005
        81     1.6458500000E+005
        82     2.0907500000E+005
        83     1.6692500000E+005
        84     1.8581000000E+005
        85     1.8495000000E+005
        86     2.1439500000E+005
        87     1.7230000000E+005
        88     1.8349000000E+005
        89     1.9718500000E+005
        90     1.7716000000E+005
        91     1.6836000000E+005
        92     1.7843500000E+005
        93     1.7640500000E+005
        94     1.6449500000E+005
        95     1.6577500000E+005
        96     1.6563000000E+005
        97     1.8550000000E+005
        98     1.7353000000E+005
        99     1.7256000000E+005
       100     1.9975000000E+005
       101     1.9821500000E+005
       102     1.9080500000E+005
       103     2.0415500000E+005
       104     2.0813500000E+005
       105    -9.9999000000E+004
       106     2.5004500000E+005
       107     1.8034000000E+005
       108     1.7880500000E+005
       109     1.9340000000E+005
       110     2.1447500000E+005
       111     1.8068500000E+005
       112     1.6565500000E+005
       113     1.8712500000E+005
       114     1.7320000000E+005
       115     1.7280000000E+005
       116     1.7217500000E+005
       117     1.8195000000E+005
       118     1.7376500000E+005
       119     1.8335000000E+005
       120    -9.9999000000E+004
       121     1.7611000000E+005
       122     1.9701000000E+005
       123     1.6687500000E+005
       124    -9.9999000000E+004
       125     2.4930000000E+005
       126     2.1600500000E+005
       127     1.6994500000E+005
       128     1.7931500000E+005
       129     1.6408000000E+005
       130     1.7976000000E+005
       131     1.8066000000E+005
       132     1.8720500000E+005
       133     1.7253000000E+005
       134     1.7141000000E+005
       135     1.7286500000E+005
       136     1.8290000000E+005
       137     1.7381000000E+005
       138     2.1506500000E+005
       139     1.6613000000E+005
       140     1.6678000000E+005
       141     1.9896500000E+005
       142     1.7016000000E+005
       143     2.1000000000E+005
       144    -9.9999000000E+004
       145     1.7038500000E+005
       146     1.6542000000E+005
       147     1.8028500000E+005
       148     1.7861500000E+005
       149     1.7931500000E+005
       150     1.6709000000E+005
       151     1.8689500000E+005
       152     1.7163500000E+005
       153     1.7260500000E+005
       154     1.7576500000E+005
       155     1.6719500000E+005
       156     1.9281000000E+005
       157     1.8069000000E+005
       158     1.6640000000E+005
       159     1.6700500000E+005
       160     1.7666500000E+005
       161     1.6944500000E+005
       162     2.0013000000E+005
       163     1.6815500000E+005
       164     1.7804000000E+005
       165     1.7836500000E+005
       166     1.6738500000E+005
       167     1.8600500000E+005
       168     1.7152000000E+005
       169     1.9285000000E+005
       170     1.9832500000E+005
       171     1.9831500000E+005
       172    -9.9999000000E+004
       173     1.9448000000E+005
       174     1.7907000000E+005
       175     1.6729500000E+005
       176     1.7345000000E+005
       177     2.0017500000E+005
       178     1.7778500000E+005
       179     1.7770500000E+005
       180     1.7848500000E+005
       181     1.7749000000E+005
       182     1.6460000000E+005
       183    -9.9999000000E+004
       184     1.7008000000E+005
       185     1.6560000000E+005
       186     1.7008500000E+005
       187     1.9697500000E+005
       188     1.9806500000E+005
       189     1.9888000000E+005
       190     1.9503500000E+005
       191     1.7132000000E+005
       192     1.7415000000E+005
       193     1.7188500000E+005
       194    -9.9999000000E+004
       195     1.9914500000E+005
       196     1.7212000000E+005
       197     1.8048500000E+005
       198    -9.9999000000E+004
       199     1.9576500000E+005
       200     1.9666500000E+005
       201     1.6750500000E+005
       202     1.7361000000E+005
       203     1.8332500000E+005
       204     1.7751500000E+005
       205     1.7750000000E+005
       206     1.7759500000E+005
       207     1.7734500000E+005
       208     1.7690500000E+005
       209     2.3051000000E+005
       210     1.6821000000E+005
       211     1.7008500000E+005
       212     1.7693000000E+005
       213     1.7717500000E+005
       214     1.9654000000E+005
       215     1.9760000000E+005
       216     1.6712500000E+005
       217     1.9800000000E+005
       218     1.9776500000E+005
       219     2.0326000000E+005
       220     1.8578000000E+005
       221     1.7228000000E+005
       222     1.9842500000E+005
       223     1.9722000000E+005
       224     1.9737500000E+005
       225     1.9774000000E+005
       226     1.7694000000E+005
       227     1.7748500000E+005
       228     1.7733000000E+005
       229     1.9693000000E+005
       230     2.4324000000E+005
       231     2.2977500000E+005
       232     1.6833500000E+005
       233     1.7938500000E+005
       234     1.7729500000E+005
       235     1.8040500000E+005
       236     1.7728500000E+005
       237     1.7774500000E+005
       238     1.5520000000E+004
       239     1.6936500000E+005
       240     2.0323500000E+005
       241     1.9738500000E+005
       242     1.8353500000E+005
       243     1.9728000000E+005
       244     1.9873000000E+005
       245     1.7208000000E+005
       246     1.9881000000E+005
       247     1.9886500000E+005
       248     1.9800000000E+005
       249     1.7738000000E+005
       250     1.7769500000E+005
       251     1.9721500000E+005
       252     1.6595000000E+005
       253     1.8702500000E+005
       254     1.6142500000E+005
       255     1.6575000000E+005
       256     1.9848000000E+005
       257     1.9947500000E+005
       258     1.6405500000E+005
       259     1.8136000000E+005
       260     1.8034000000E+005
       261     1.7790500000E+005
       262     1.9655500000E+005
       263     1.8167000000E+005
       264     2.0302500000E+005
       265     2.0326500000E+005
       266     1.6904000000E+005
       267     1.8334000000E+005
       268     1.8395000000E+005
       269     1.7408000000E+005
       270     1.7441500000E+005
       271     1.7463000000E+005
       272     1.6831000000E+005
       273     1.7860000000E+005
       274     1.9693500000E+005
       275     1.9742500000E+005
       276     1.9744000000E+005
       277     1.8615500000E+005
       278     1.6173500000E+005
       279     1.8417000000E+005
       280     1.9905000000E+005
       281     1.7936000000E+005
       282     1.7865500000E+005
       283     1.6447500000E+005
       284     1.7786500000E+005
       285     1.7820000000E+005
       286     1.9652500000E+005
       287     1.5895000000E+005
       288     1.5576500000E+005
       289     1.8515000000E+005
       290     1.9754000000E+005
       291     1.7454000000E+005
       292     1.7439500000E+005
       293     1.7465500000E+005
       294     1.7465500000E+005
       295     1.7960500000E+005
       296    -9.9999000000E+004
       297     1.9818500000E+005
       298     1.9709000000E+005
       299     1.9743000000E+005
       300     1.8512000000E+005
       301     1.9862500000E+005
       302     1.9893000000E+005
       303     1.9717500000E+005
       304     1.9722000000E+005
       305     1.6433000000E+005
       306     1.9694500000E+005
       307     1.9666000000E+005
       308     1.9676000000E+005
       309     2.0344000000E+005
       310     2.0533500000E+005
       311     1.5792000000E+005
       312     1.8563500000E+005
       313     1.6787000000E+005
       314     1.6951500000E+005
       315     1.7967500000E+005
       316     1.7066500000E+005
       317     1.7104000000E+005
       318     2.0332000000E+005
       319     1.6710500000E+005
       320     1.9730500000E+005
       321     1.8528000000E+005
       322     1.9906500000E+005
       323     1.7962500000E+005
       324     1.9829000000E+005
       325     1.9853500000E+005
       326     1.9732500000E+005
       327     1.9727500000E+005
       328     1.9845000000E+005
       329     2.0429000000E+005
       330     2.0404500000E+005
       331     2.0447500000E+005
       332     1.6560000000E+005
       333     1.6842500000E+005
       334     1.7486000000E+005
       335     1.7484000000E+005
       336     2.0377000000E+005
       337     1.9845000000E+005
       338     1.9810000000E+005
       339     1.9889000000E+005
       340     1.9918500000E+005
       341     1.9878000000E+005
       342     1.9800500000E+005
       343     1.9812000000E+005
       344     1.9853000000E+005
       345     1.9869500000E+005
       346     1.6042500000E+005
       347     1.6574000000E+005
       348     2.0362500000E+005
       349     2.0482500000E+005
       350     2.0003000000E+005
       351     2.0398000000E+005
       352     1.6842000000E+005
       353     1.6879500000E+005
       354     1.6919500000E+005
       355    -9.9999000000E+004
       356     1.9999000000E+005
       357     1.9993000000E+005
       358     1.5554000000E+005
       359     1.6811500000E+005
       360     1.9910500000E+005
       361     1.9913500000E+005
       362     1.9904000000E+005
       363     1.9889500000E+005
       364     1.9871000000E+005
       365     1.9882500000E+005
       366     2.0350000000E+005
       367     2.0461000000E+005
       368     2.0092000000E+005
       369     2.0006000000E+005
       370     1.9515500000E+005
       371     1.9188500000E+005
       372     1.5966500000E+005
       373     1.4453000000E+005
       374     1.9819500000E+005
       375     1.5038000000E+005
       376     1.9459000000E+005
       377     2.0114500000E+005
       378     1.6872500000E+005
       379     1.7017000000E+005
       380     2.0011000000E+005
       381     2.3171000000E+005
       382     2.0265000000E+005
       383     2.0300000000E+005
       384    -9.9999000000E+004
       385     1.7426000000E+005
       386     1.9984000000E+005
       387     1.5147500000E+005
       388     1.6814000000E+005
       389     2.0019500000E+005
       390     1.9947500000E+005
       391     1.9937000000E+005
       392     1.9946500000E+005
       393     1.9947000000E+005
       394     2.0344000000E+005
       395     2.0452500000E+005
       396     2.0081500000E+005
       397     2.0049000000E+005
       398     1.6038500000E+005
       399     2.0194500000E+005
       400     1.9249500000E+005
       401     2.0573000000E+005
       402     1.9459500000E+005
       403     1.9610000000E+005
       404     1.5597000000E+005
       405     1.6871000000E+005
       406     1.6906000000E+005
       407     2.0130000000E+005
       408     2.0248500000E+005
       409     2.0267500000E+005
       410     2.0279500000E+005
       411    -9.9999000000E+004
       412     1.5860000000E+005
       413     1.6687000000E+005
       414     2.0363000000E+005
       415     2.0450500000E+005
       416     2.0027000000E+005
       417     1.9970500000E+005
       418     1.9995500000E+005
       419     2.0099500000E+005
       420     2.0112500000E+005
       421     2.0088500000E+005
       422     2.0092500000E+005
       423     2.0102500000E+005
       424     2.0184500000E+005
       425     2.0022500000E+005
       426     2.0328000000E+005
       427     2.0223500000E+005
       428     2.0164500000E+005
       429     2.0557000000E+005
       430     1.6890500000E+005
       431     2.0349000000E+005
       432     1.4750500000E+005
       433     2.0590500000E+005
       434     2.0534500000E+005
       435     1.8285000000E+005
       436     1.8489500000E+005
       437     2.0249500000E+005
       438     1.6523500000E+005
       439     2.0090000000E+005
       440     2.0332000000E+005
       441     2.0514000000E+005
       442     2.0071500000E+005
       443     2.0040000000E+005
       444     2.0133000000E+005
       445     2.0101500000E+005
       446     2.0150000000E+005
       447     2.0027000000E+005
       448     2.0183000000E+005
       449     2.0180500000E+005
       450     2.0177500000E+005
       451     1.9038000000E+005
       452     2.0588500000E+005
       453     2.0591000000E+005
       454     2.0812500000E+005
       455     2.0473000000E+005
       456     2.0495500000E+005
       457     2.1102000000E+005
       458     1.9073000000E+005
       459     1.8338500000E+005
       460     1.9197000000E+005
       461     1.9453500000E+005
       462     1.9937500000E+005
       463     2.0028500000E+005
       464     1.9117000000E+005
       465     2.0153000000E+005
       466     2.0185000000E+005
       467     2.0549500000E+005
       468     2.0225000000E+005
       469     2.0216500000E+005
       470     2.0212500000E+005
       471     2.0236500000E+005
       472     2.0175000000E+005
       473     2.0175500000E+005
       474     2.0093000000E+005
       475     2.0664000000E+005
       476     1.6867500000E+005
       477     2.0348500000E+005
       478     2.0470000000E+005
       479     2.0252000000E+005
       480     2.0437500000E+005
       481     1.5103500000E+005
       482     2.0817000000E+005
       483     2.0914500000E+005
       484     2.0079000000E+005
       485     1.7715000000E+005
       486     1.9933500000E+005
       487     1.7760500000E+005
       488     1.9040000000E+005
       489     2.0116000000E+005
       490     2.0253500000E+005
       491     2.0623500000E+005
       492     2.0583500000E+005
       493     2.0278000000E+005
       494     2.0210500000E+005
       495     2.0244000000E+005
       496     2.0168500000E+005
       497     2.0158500000E+005
       498     2.0721500000E+005
       499     1.6945500000E+005
       500    -9.9999000000E+004
       501     2.0403000000E+005
       502     2.0397500000E+005
       503     1.9100500000E+005
       504     2.0362500000E+005
       505     1.9089500000E+005
       506     2.0413500000E+005
       507     2.0318000000E+005
       508     1.9825500000E+005
       509     1.9995500000E+005
       510     2.0005500000E+005
       511     2.0273500000E+005
       512     2.0030500000E+005
       513     2.0111000000E+005
       514     2.0738500000E+005
       515     2.0695500000E+005
       516     2.0653000000E+005
       517     2.0281500000E+005
       518     2.0222000000E+005
       519     2.0258000000E+005
       520     2.0155500000E+005
       521     2.0780000000E+005
       522     1.6929000000E+005
       523     1.9590000000E+005
       524     2.0342500000E+005
       525     2.0422500000E+005
       526     1.9088500000E+005
       527     1.7294000000E+005
       528     2.0113000000E+005
       529     2.0383500000E+005
       530     1.9628500000E+005
       531     1.9866000000E+005
       532     2.0105000000E+005
       533     2.0030500000E+005
       534     2.0155000000E+005
       535     2.0080000000E+005
       536     2.0142000000E+005
       537     2.0151500000E+005
       538     2.0780500000E+005
       539     2.0771000000E+005
       540     2.0749500000E+005
       541     2.0697500000E+005
       542     2.0256000000E+005
       543     2.0210000000E+005
       544     2.0789500000E+005
       545     1.9920000000E+005
       546     1.9538000000E+005
       547     1.9832000000E+005
       548     1.9819000000E+005
       549     1.7928500000E+005
       550     2.0472500000E+005
       551     2.0400500000E+005
       552     2.0448500000E+005
       553     2.0276500000E+005
       554     1.7788500000E+005
       555     1.9871500000E+005
       556     2.0074000000E+005
       557     1.9981000000E+005
       558     2.0103000000E+005
       559     2.0106500000E+005
       560     2.0147500000E+005
       561     2.0814500000E+005
       562     2.0822500000E+005
       563     2.0797500000E+005
       564     2.0759000000E+005
       565     2.0727500000E+005
       566     2.0066500000E+005
       567     2.1763500000E+005
       568     2.0005500000E+005
       569     1.9689000000E+005
       570     1.9776000000E+005
       571     2.0258000000E+005
       572     1.9769500000E+005
       573     2.0139000000E+005
       574     1.9695500000E+005
       575     1.9063000000E+005
       576     2.0365000000E+005
       577     1.8389500000E+005
       578     1.9959000000E+005
       579     1.9370000000E+005
       580     2.0032500000E+005
       581     1.9969500000E+005
       582     2.0132000000E+005
       583     2.0054500000E+005
       584     2.0300500000E+005
       585     2.0909500000E+005
       586     2.0883000000E+005
       587     2.0873000000E+005
       588     2.0802500000E+005
       589     2.0890000000E+005
       590     2.1077500000E+005
       591     2.0308000000E+005
       592     1.9740000000E+005
       593     1.9476000000E+005
       594     1.9642500000E+005
       595     1.9741000000E+005
       596     1.9224500000E+005
       597     1.9598000000E+005
       598     1.9611500000E+005
       599     1.9945000000E+005
       600     1.9880500000E+005
       601     2.0375500000E+005
       602     2.0247500000E+005
       603     2.0176000000E+005
       604     1.9959500000E+005
       605     2.0305000000E+005
       606     2.0132000000E+005
       607     2.0191000000E+005
       608     2.0453000000E+005
       609     2.0973000000E+005
       610     2.0944500000E+005
       611     2.0411500000E+005
       612     2.0446500000E+005
       613     2.1569000000E+005
       614     2.0006500000E+005
       615     2.0149500000E+005
       616     1.9866000000E+005
       617     1.9920000000E+005
       618     1.9874500000E+005
       619     1.9762000000E+005
       620     1.8850500000E+005
       621     1.9440000000E+005
       622     1.8873500000E+005
       623     1.9618500000E+005
       624     1.8525500000E+005
       625     1.8697000000E+005
       626     1.7904500000E+005
       627     1.8625000000E+005
       628     1.7973000000E+005
       629     2.0419500000E+005
       630     2.0302500000E+005
       631     2.0144500000E+005
       632     2.0381500000E+005
       633     2.0932000000E+005
       634     2.0953500000E+005
       635     2.0997000000E+005
       636     2.1020500000E+005
       637     2.1002000000E+005
       638     2.0098000000E+005
       639     1.9609500000E+005
       640     1.9627500000E+005
       641     1.9876000000E+005
       642     1.9566500000E+005
       643     2.0049000000E+005
       644     1.8937000000E+005
       645     1.8067500000E+005
       646     1.7657000000E+005
       647     2.0356500000E+005
       648     1.7997500000E+005
       649     1.8700500000E+005
       650     1.9556000000E+005
       651     2.0395500000E+005
       652     1.8003500000E+005
       653     2.0403500000E+005
       654     2.0510000000E+005
       655     2.0318000000E+005
       656     2.0405500000E+005
       657     2.1024000000E+005
       658     2.1024500000E+005
       659     1.7398500000E+005
       660     2.1102500000E+005
       661     2.0050500000E+005
       662     1.9039000000E+005
       663     2.0133000000E+005
       664     1.9551000000E+005
       665     1.9889000000E+005
       666     1.9975000000E+005
       667     1.8134500000E+005
       668     2.0113000000E+005
       669     1.9315500000E+005
       670     1.9750000000E+005
       671     1.8818000000E+005
       672     1.8039000000E+005
       673     2.0338500000E+005
       674     1.7998500000E+005
       675     1.7930500000E+005
       676     2.0402000000E+005
       677     2.0351500000E+005
       678     2.0400500000E+005
       679     2.0520000000E+005
       680     2.0306500000E+005
       681     2.0522000000E+005
       682     2.1092500000E+005
       683     2.1324000000E+005
       684    -9.9999000000E+004
       685     2.1076000000E+005
       686     2.1150000000E+005
       687     1.7635500000E+005
       688     2.0181000000E+005
       689     1.9804000000E+005
       690     1.9391000000E+005
       691     1.9809000000E+005
       692     1.6052000000E+005
       693     1.9102500000E+005
       694     1.7564500000E+005
       695     2.0158500000E+005
       696     1.8507500000E+005
       697     1.8969000000E+005
       698     1.8573500000E+005
       699     1.8094500000E+005
       700     1.8400000000E+005
       701     1.8019500000E+005
       702     2.0408500000E+005
       703     1.8004500000E+005
       704     2.0417500000E+005
       705     2.0600000000E+005
       706     2.0545000000E+005
       707     2.0563500000E+005
       708     1.7467000000E+005
       709     1.7853000000E+005
       710     1.8125000000E+005
       711    -9.9999000000E+004
       712     1.8143000000E+005
       713     2.2195000000E+005
       714     2.1585000000E+005
       715     1.9142500000E+005
       716     2.2167000000E+005
       717     1.7422500000E+005
       718     1.6387500000E+005
       719     1.8847500000E+005
       720     1.8939500000E+005
       721     1.9306500000E+005
       722     1.8744000000E+005
       723     1.7017000000E+005
       724     1.9969500000E+005
       725     1.7432000000E+005
       726     1.9102000000E+005
       727     1.8924500000E+005
       728     1.8107000000E+005
       729     1.8627500000E+005
       730     1.8239500000E+005
       731     2.0463000000E+005
       732     1.7428500000E+005
       733     1.7467000000E+005
       734     1.7509000000E+005
       735     1.7487500000E+005
       736     1.7428500000E+005
       737     1.8271000000E+005
       738     2.2208000000E+005
       739     1.7708500000E+005
       740     1.8550500000E+005
       741     2.0001500000E+005
       742     1.9942000000E+005
       743     1.8120000000E+005
       744     1.6741000000E+005
       745     1.8771000000E+005
       746     1.9211500000E+005
       747     1.5271500000E+005
       748     1.8415000000E+005
       749     1.7995500000E+005
       750     2.0248500000E+005
       751     2.0514000000E+005
       752     1.7414500000E+005
       753     1.7380000000E+005
       754     1.7484500000E+005
       755     1.8734000000E+005
       756     1.9098000000E+005
       757     1.9006000000E+005
       758     1.7675000000E+005
       759     1.8148000000E+005
       760     1.7679500000E+005
       761     1.5204000000E+005
       762     1.8351000000E+005
       763     1.8087500000E+005
       764     1.8354500000E+005
       765     1.8065000000E+005
       766     2.0550000000E+005
       767     2.0538000000E+005
       768     2.0475000000E+005
       769     2.1240000000E+005
       770     1.8733500000E+005
       771     1.9011000000E+005
       772     1.9034500000E+005
       773     1.9245000000E+005
       774     1.9386500000E+005
       775     1.7694500000E+005
       776     1.8919500000E+005
       777     1.5694500000E+005
       778     1.7556500000E+005
       779     1.7635000000E+005
       780     1.8311000000E+005
       781     1.8189000000E+005
       782     1.8116000000E+005
       783     2.1369500000E+005
       784     2.0393500000E+005
       785     2.1382000000E+005
       786     1.8413500000E+005
       787     1.5125000000E+005
       788     1.3715000000E+005
       789     1.9364000000E+005
       790     1.9472500000E+005
       791     1.8503000000E+005
       792     1.8611000000E+005
       793     1.8460000000E+005
       794     1.8447000000E+005
       795     1.8309500000E+005
       796     1.8072000000E+005
       797     2.1403500000E+005
       798     1.8016500000E+005
       799     2.1487500000E+005
       800    -9.9999000000E+004
       801     1.8428000000E+005
       802     1.9374500000E+005
       803     2.0697500000E+005
       804     1.7769500000E+005
       805     1.9917500000E+005
       806     1.8195500000E+005
       807     1.8470000000E+005
       808     1.8545000000E+005
       809     1.8277000000E+005
       810     1.8479500000E+005
       811     1.8737500000E+005
       812     1.8402000000E+005
       813     1.9417000000E+005
       814     1.9728500000E+005
       815     1.7887500000E+005
       816    -9.9999000000E+004
       817     1.8534500000E+005
       818     1.8477000000E+005
       819     1.8451500000E+005
       820     1.8193500000E+005
       821     1.8254500000E+005
       822     1.8287000000E+005
       823     1.9645500000E+005
       824     2.0104500000E+005
       825     1.8415500000E+005
       826     1.8343000000E+005
       827     1.8336500000E+005
       828     1.8439000000E+005
       829     1.8399500000E+005
       830     1.8256000000E+005
       831     1.8300500000E+005
       832     2.0149500000E+005
       833    -9.9999000000E+004
       834     1.9617500000E+005
       835     1.8819000000E+005
       836     1.8203000000E+005
       837     1.8423000000E+005
       838     1.8385000000E+005
       839     1.8379500000E+005
       840     1.9714500000E+005
       841     1.8638500000E+005
       842     2.1946000000E+005
       843     1.8150000000E+005
       844     1.8084000000E+005
       845     1.8290000000E+005
       846     1.8625000000E+005
       847     1.8188000000E+005
       848     1.8514000000E+005
       849     1.9690000000E+005
       850     1.8877500000E+005
       851     2.1988500000E+005
       852     1.9052000000E+005
       853     1.8217000000E+005
       854     1.9056500000E+005
       855     1.8731500000E+005
       856     1.8204000000E+005
       857     1.8787500000E+005
       858    -9.9999000000E+004
       859     1.8751500000E+005
       860     1.9835500000E+005
       861     1.8151000000E+005
       862     1.8610500000E+005
       863     1.8201000000E+005
       864     1.8610000000E+005
       865     1.8716000000E+005
       866     1.7305500000E+005
       867     1.9991500000E+005
       868     2.1317500000E+005
       869     2.2028000000E+005
       870     2.0274000000E+005
       871     1.8622500000E+005
       872    -9.9999000000E+004
       873     2.0503500000E+005
       874     1.8644000000E+005
       875     1.9145500000E+005
       876     1.8175500000E+005
       877     1.8633500000E+005
       878     1.8667000000E+005
       879     1.8005000000E+005
       880     1.8701500000E+005
       881     2.1194500000E+005
       882    -9.9999000000E+004
       883     2.1838500000E+005
       884     1.8236500000E+005
       885     1.8660000000E+005
       886     1.8601500000E+005
       887     1.7565000000E+005
       888     1.8769000000E+005
       889     1.8684000000E+005
       890     1.9685000000E+005
       891     1.9530000000E+005
       892     1.8947000000E+005
       893     1.8279500000E+005
       894     1.8025000000E+005
       895     1.8693000000E+005
       896     1.8703500000E+005
       897     1.8836000000E+005
       898     1.8886000000E+005
       899     1.9355500000E+005
       900     1.8683500000E+005
       901     1.8685500000E+005
       902    -9.9999000000E+004
       903     1.9514500000E+005
       904     1.8117000000E+005
       905     1.8090000000E+005
       906     1.8065000000E+005
       907     1.8101000000E+005
       908     1.8068000000E+005
       909     1.7746000000E+005
       910     1.8190500000E+005
       911     1.8882000000E+005
       912     1.8839000000E+005
       913     1.8172500000E+005
       914     2.2744500000E+005
       915     2.1958500000E+005
       916     1.8001000000E+005
       917     1.8954000000E+005
       918     1.7614500000E+005
       919     1.8099500000E+005
       920     1.8120000000E+005
       921     2.0578000000E+005
       922     1.7658500000E+005
       923     1.9400500000E+005
       924     2.1005000000E+005
       925     1.8817000000E+005
       926     2.1105000000E+005
       927     2.1509500000E+005
       928     1.9113000000E+005
       929     1.8980500000E+005
       930     1.8946500000E+005
       931     2.1631500000E+005
       932     1.7948000000E+005
       933     1.8180000000E+005
       934     1.8200500000E+005
       935     1.7911500000E+005
       936     1.7678500000E+005
       937     2.1012500000E+005
       938     2.0975000000E+005
       939     1.8455000000E+005
       940     1.8677500000E+005
       941     2.1232500000E+005
       942     2.1044000000E+005
       943     1.8375500000E+005
       944     1.8634500000E+005
       945     1.8728500000E+005
       946     1.8763500000E+005
       947     1.8650000000E+005
       948     1.8564500000E+005
       949     2.1004000000E+005
       950     1.9459500000E+005
       951     1.9579500000E+005
       952     1.7920000000E+005
       953     1.8072000000E+005
       954     1.8558000000E+005
       955     1.8756000000E+005
       956     2.1087000000E+005
       957     2.0959500000E+005
       958     1.8549500000E+005
       959     1.8497000000E+005
       960     2.0996500000E+005
       961     2.0992500000E+005
       962     2.0992000000E+005
       963     1.8025500000E+005
       964     1.8751000000E+005
       965     1.8761500000E+005
       966     1.9636000000E+005
       967     1.8430000000E+005
       968     2.0977500000E+005
       969     1.9491000000E+005
       970     1.7934000000E+005
       971     1.8319500000E+005
       972     2.1066000000E+005
       973    -9.9999000000E+004
       974     1.8362000000E+005
       975     2.0968000000E+005
       976     2.1000500000E+005
       977     1.7832500000E+005
       978     2.2488000000E+005
       979     1.8631500000E+005
       980     2.1053000000E+005
       981     2.0859000000E+005
       982     1.8360000000E+005
       983    -9.9999000000E+004
       984     2.1000000000E+005
       985     2.1017000000E+005
       986     2.1136500000E+005
       987     2.0898500000E+005
       988     1.8572000000E+005
       989     2.1106000000E+005
       990     1.8866000000E+005
       991     1.8362000000E+005
       992     2.3466000000E+005
       993     2.1441500000E+005
       994     2.1057000000E+005
       995     1.7833000000E+005
       996     2.1078000000E+005
       997     1.8638000000E+005
       998     1.8356500000E+005
       999     1.9850000000E+005
      1000     2.1879000000E+005
      1001     1.8683000000E+005
      1002     2.1259000000E+005
      1003     2.1334500000E+005
      1004     2.1342500000E+005
      1005     2.0130000000E+005
      1006     1.8357000000E+005
      1007     2.1245000000E+005
      1008     1.9864500000E+005
      1009     2.1240000000E+005
      1010     1.9556500000E+005
      1011     2.0163000000E+005
      1012     2.1286500000E+005
      1013     2.0092500000E+005
      1014     1.8346000000E+005
      1015     1.9739000000E+005
      1016     1.8320000000E+005
      1017     1.9197500000E+005
      1018     2.0098000000E+005
      1019     2.0045500000E+005
      1020     2.0123000000E+005
      1021     1.9135000000E+005
      1022     1.8384000000E+005
      1023     2.0292000000E+005
      1024     2.0012500000E+005
      1025     1.9976000000E+005
      1026     2.1189000000E+005
      1027     1.9481500000E+005
      1028     1.8434000000E+005
      1029     1.9945500000E+005
      1030     2.0143000000E+005
      1031     1.9448500000E+005
      1032     1.8495500000E+005
      1033     2.1118000000E+005
      1034     1.9480000000E+005
      1035     2.1081000000E+005
      1036     2.1073000000E+005
      1037     2.1011500000E+005
      1038     1.9088000000E+005
      1039     1.8650500000E+005
      1040     2.1023000000E+005
      1041     1.9994500000E+005
      1042     1.8817500000E+005
      1043     1.9978500000E+005
      1044     1.8778000000E+005
      1045     1.9032000000E+005
      1046     1.9090000000E+005
      1047    -9.9999000000E+004
      1048     1.9961500000E+005
      1049     1.9987000000E+005
      1050     1.9147500000E+005
      1051     2.0377000000E+005
      1052     1.9207000000E+005
      1053     2.2492500000E+005
      1054     1.9981000000E+005
      1055    -9.9999000000E+004
      1056     2.0095000000E+005
      1057     1.9443500000E+005
      1058     2.0157500000E+005
      1059     2.0216500000E+005
      1060     2.0144000000E+005
      1061     2.0149500000E+005
      1062     1.9163000000E+005
      1063     1.9878000000E+005
      1064     2.0234000000E+005
      1065     2.0100000000E+005
      1066     1.9686500000E+005
      1067     2.0052500000E+005
      1068     1.9273500000E+005
      1069    -9.9999000000E+004
