  nc_newport_river_core_cr4_bath    v31.06 iterative         Albemarle-Pamlico Estuar
          1       1069  0.1000000E+001        1     1 FileFmtVersion:    1050624
     2.5920000000E+005          51840
         1     2.3195855618E+000
         2     3.2161245346E+000
         3     2.8354532719E+000
         4     3.5099465847E+000
         5     2.8446285725E+000
         6     3.3615148067E+000
         7     2.9611465931E+000
         8     3.5388298035E+000
         9     3.6630890369E+000
        10     2.4865531921E+000
        11     3.7751009464E+000
        12     3.6790189743E+000
        13     2.6909928322E+000
        14     3.7423326969E+000
        15     4.0494127274E+000
        16     2.9266567230E+000
        17     3.3545591831E+000
        18     2.9169592857E+000
        19     3.2698180676E+000
        20     2.6097524166E+000
        21     3.4564588070E+000
        22     2.8652119637E+000
        23     2.5891687870E+000
        24     2.5098934174E+000
        25     3.7149436474E+000
        26     2.6628518105E+000
        27     2.4263801575E+000
        28     2.1713469028E+000
        29     3.6401987076E+000
        30     3.7725322247E+000
        31     2.5278728008E+000
        32     3.4814267159E+000
        33     3.7818050385E+000
        34     3.5354948044E+000
        35     2.9123640060E+000
        36     3.5548841953E+000
        37     3.8962049484E+000
        38     2.9548664093E+000
        39     2.5079863071E+000
        40     2.8942346573E+000
        41     2.1237018108E+000
        42     3.3036921024E+000
        43     3.3516271114E+000
        44     3.4818732738E+000
        45     3.2516648769E+000
        46     2.8556571007E+000
        47     3.0301208496E+000
        48     3.6699521542E+000
        49     2.2318594456E+000
        50     3.0011777878E+000
        51     3.5395030975E+000
        52     3.6699218750E+000
        53     3.3364641666E+000
        54     2.0601294041E+000
        55     4.2460150719E+000
        56     2.3123490810E+000
        57     4.0124087334E+000
        58     2.6173548698E+000
        59     3.0665559769E+000
        60     3.1377971172E+000
        61     2.4898104668E+000
        62     2.2761769295E+000
        63     4.0287876129E+000
        64     2.9756238461E+000
        65     3.4463441372E+000
        66     4.3075356483E+000
        67     4.2411880493E+000
        68     2.0053861141E+000
        69     3.6830706596E+000
        70     3.4480948448E+000
        71     2.8763594627E+000
        72     3.6423873901E+000
        73     2.6839432716E+000
        74     3.7168703079E+000
        75     3.5655782223E+000
        76     3.5392267704E+000
        77     3.0818631649E+000
        78     3.0946378708E+000
        79     3.6801300049E+000
        80     4.4243507385E+000
        81     1.5812432766E+000
        82     4.2586269379E+000
        83     3.1420660019E+000
        84     4.0293116570E+000
        85     4.2421488762E+000
        86     3.0473241806E+000
        87     2.8296527863E+000
        88     2.8286914825E+000
        89     2.5390210152E+000
        90     2.8036069870E+000
        91     3.3465223312E+000
        92     4.6392383575E+000
        93     4.0903773308E+000
        94     2.7570948601E+000
        95     3.9757337570E+000
        96     2.3629949093E+000
        97     4.2471828461E+000
        98     3.4182455540E+000
        99     2.5701205730E+000
       100     1.6426092386E+000
       101     2.8323602676E+000
       102     2.4744617939E+000
       103     3.0298666954E+000
       104     1.7233853340E+000
       105     2.9792473316E+000
       106     3.0575897694E+000
       107     4.3915858269E+000
       108     4.4349069595E+000
       109     4.0031089783E+000
       110     2.5163586140E+000
       111     4.1138629913E+000
       112     4.3888411522E+000
       113     4.0878152847E+000
       114     2.6770985126E+000
       115     2.9424223900E+000
       116     3.2462449074E+000
       117     2.9208199978E+000
       118     1.8937616348E+000
       119     3.6641757488E+000
       120     3.3797335625E+000
       121     4.1227645874E+000
       122     2.7324469090E+000
       123     2.1074948311E+000
       124     2.3072962761E+000
       125     2.5187275410E+000
       126     2.3793952465E+000
       127     2.7104604244E+000
       128     3.9503545761E+000
       129     2.3957188129E+000
       130     4.3433985710E+000
       131     4.0817489624E+000
       132     4.0224757195E+000
       133     2.4467720985E+000
       134     2.3568537235E+000
       135     3.1169157028E+000
       136     3.7662398815E+000
       137     3.0523979664E+000
       138     2.7087116241E+000
       139     4.1201019287E+000
       140     3.4626648426E+000
       141     2.6950478554E+000
       142     2.9042062759E+000
       143     2.4674251080E+000
       144     2.8244652748E+000
       145     2.4142563343E+000
       146     1.9442595243E+000
       147     4.1339635849E+000
       148     3.4700441360E+000
       149     4.2244062424E+000
       150     1.9164295197E+000
       151     4.0413851738E+000
       152     2.1557710171E+000
       153     3.8688495159E+000
       154     3.2835259438E+000
       155     2.2469012737E+000
       156     2.8418307304E+000
       157     4.2637686729E+000
       158     3.7945075035E+000
       159     2.9251189232E+000
       160     3.5720927715E+000
       161     3.8203687668E+000
       162     2.9823052883E+000
       163     2.2128887177E+000
       164     3.0894627571E+000
       165     4.4924988747E+000
       166     2.3315548897E+000
       167     3.6714880466E+000
       168     2.2677643299E+000
       169     2.3326063156E+000
       170     3.5421748161E+000
       171     2.8420119286E+000
       172     2.5190684795E+000
       173     3.0816957951E+000
       174     4.2687816620E+000
       175     3.6158607006E+000
       176     1.7243390083E+000
       177     1.6306122541E+000
       178     3.3123211861E+000
       179     4.3423318863E+000
       180     4.2648091316E+000
       181     3.9921057224E+000
       182     1.8437410593E+000
       183     1.5505625010E+000
       184     1.4293123484E+000
       185     2.1453115940E+000
       186     1.7223610878E+000
       187     3.0393643379E+000
       188     3.2529103756E+000
       189     3.6469972134E+000
       190     3.5216517448E+000
       191     1.8421804905E+000
       192     2.4299325943E+000
       193     2.1047122478E+000
       194     3.2102568150E+000
       195     3.5475542545E+000
       196     2.4186749458E+000
       197     2.2842946053E+000
       198     2.8907887936E+000
       199     3.5807714462E+000
       200     4.0393123627E+000
       201     2.1858270168E+000
       202     2.8726344109E+000
       203     4.0438003540E+000
       204     3.9187278748E+000
       205     3.9349923134E+000
       206     4.4511137009E+000
       207     4.3971405029E+000
       208     4.1924977303E+000
       209     1.5331120491E+000
       210     1.6520291567E+000
       211     3.5860049725E+000
       212     4.0804080963E+000
       213     3.9613177776E+000
       214     3.4953820705E+000
       215     2.8773610592E+000
       216     2.8581306934E+000
       217     3.4173388481E+000
       218     3.1878023148E+000
       219     2.2103209496E+000
       220     3.6928749084E+000
       221     2.8598148823E+000
       222     3.8238079548E+000
       223     3.9630889893E+000
       224     3.9885652065E+000
       225     4.0103354454E+000
       226     4.3686866760E+000
       227     4.3998270035E+000
       228     4.2939710617E+000
       229     3.3589513302E+000
       230     1.5845586061E+000
       231     1.5207473040E+000
       232     2.0087895393E+000
       233     1.7472097874E+000
       234     4.0288982391E+000
       235     2.7231047153E+000
       236     3.6523556709E+000
       237     4.1321992874E+000
       238     2.7610561848E+000
       239     2.0554981232E+000
       240     1.9092973471E+000
       241     3.4138135910E+000
       242     4.0769805908E+000
       243     3.6886456013E+000
       244     3.6678836346E+000
       245     2.9585931301E+000
       246     3.2709488869E+000
       247     3.5459482670E+000
       248     3.9011881351E+000
       249     4.2750844955E+000
       250     4.1843767166E+000
       251     3.7750182152E+000
       252     3.1009414196E+000
       253     2.1625192165E+000
       254     1.6945561171E+000
       255     1.1346170902E+000
       256     1.6616171598E+000
       257     9.2845624685E-001
       258     1.8064562082E+000
       259     3.0965898037E+000
       260     1.9012691975E+000
       261     4.2180571556E+000
       262     3.2306582928E+000
       263     4.1204857826E+000
       264     9.9401807785E-001
       265     3.1093022823E+000
       266     1.5012185574E+000
       267     3.9905257225E+000
       268     4.0384354591E+000
       269     2.1503622532E+000
       270     2.2233359814E+000
       271     2.6224489212E+000
       272     3.1327996254E+000
       273     3.8874332905E+000
       274     3.7960677147E+000
       275     3.7729027271E+000
       276     3.7458703518E+000
       277     1.0762805939E+000
       278     1.4724841118E+000
       279     1.2807599306E+000
       280     1.3737401962E+000
       281     2.1008844376E+000
       282     3.1109695435E+000
       283     1.6357017756E+000
       284     4.1803941727E+000
       285     3.9366693497E+000
       286     4.1108870506E+000
       287     1.8893370628E+000
       288     2.2375624180E+000
       289     2.0388925076E+000
       290     3.7815244198E+000
       291     2.5956089497E+000
       292     2.2915806770E+000
       293     2.3722624779E+000
       294     2.6125121117E+000
       295     2.6568598747E+000
       296     2.7797002792E+000
       297     3.2176239491E+000
       298     3.9481284618E+000
       299     3.7791957855E+000
       300     1.1216665506E+000
       301     1.3209420443E+000
       302     1.0247601271E+000
       303     2.6973507404E+000
       304     2.7821624279E+000
       305     1.7128790617E+000
       306     3.9313426018E+000
       307     3.8802869320E+000
       308     3.9597663879E+000
       309     1.5607393980E+000
       310     1.3554952145E+000
       311     1.2233997583E+000
       312     1.9551531076E+000
       313     3.1572332382E+000
       314     3.0950424671E+000
       315     2.6395974159E+000
       316     2.7618803978E+000
       317     2.4856762886E+000
       318     3.3957252502E+000
       319     2.7042338848E+000
       320     3.8338394165E+000
       321     1.1817392111E+000
       322     1.0287113190E+000
       323     2.9435300827E+000
       324     2.1425797939E+000
       325     1.5489932299E+000
       326     3.7667112350E+000
       327     3.8458445072E+000
       328     2.4587144852E+000
       329     1.5415548086E+000
       330     1.3627002239E+000
       331     1.7057241201E+000
       332     1.0237306356E+000
       333     2.3007934093E+000
       334     1.4050378799E+000
       335     1.6610761881E+000
       336     3.2471861839E+000
       337     3.3056454659E+000
       338     3.0832509995E+000
       339     1.4116797447E+000
       340     1.2894182205E+000
       341     2.3222804070E+000
       342     3.6134431362E+000
       343     3.7747969627E+000
       344     3.4426779747E+000
       345     2.6997501850E+000
       346     1.0211045742E+000
       347     1.1467632055E+000
       348     1.3513838053E+000
       349     2.0869038105E+000
       350     2.3091950417E+000
       351     1.6911904812E+000
       352     3.0170228481E+000
       353     2.2406439781E+000
       354     2.0246336460E+000
       355     2.7578322887E+000
       356     1.7269096375E+000
       357     1.3581284285E+000
       358     1.0512254238E+000
       359     2.6118085384E+000
       360     3.2749831676E+000
       361     3.4460895061E+000
       362     2.5459952354E+000
       363     3.5850367546E+000
       364     3.4896812439E+000
       365     3.0093860626E+000
       366     1.0166617632E+000
       367     1.4832682610E+000
       368     2.6085777283E+000
       369     3.3575046062E+000
       370     1.1657372713E+000
       371     1.4405120611E+000
       372     1.2948979139E+000
       373     1.3565193415E+000
       374     1.1194690466E+000
       375     1.2683113813E+000
       376     1.3503468037E+000
       377     1.2329504490E+000
       378     2.6610009670E+000
       379     1.7245420218E+000
       380     2.0137248039E+000
       381     7.4089699984E-001
       382     1.2606971264E+000
       383     1.4850250483E+000
       384     1.9311295748E+000
       385     1.3061900139E+000
       386     2.0490214825E+000
       387     1.0242867470E+000
       388     2.2726361752E+000
       389     2.8097553253E+000
       390     3.8400266171E+000
       391     3.2156693935E+000
       392     2.8876237869E+000
       393     2.6564407349E+000
       394     2.6388826370E+000
       395     3.2045800686E+000
       396     3.7185168266E+000
       397     4.0767269135E+000
       398     2.2382555008E+000
       399     2.8353621960E+000
       400     2.6420001984E+000
       401     1.1494675875E+000
       402     2.1203241348E+000
       403     1.4570145607E+000
       404     1.8980833292E+000
       405     2.1544194221E+000
       406     2.8842122555E+000
       407     1.5245006084E+000
       408     1.8302907944E+000
       409     1.5996768475E+000
       410     1.8597003222E+000
       411     1.6383031607E+000
       412     1.0846775770E+000
       413     1.2809824944E+000
       414     1.4981307983E+000
       415     2.3933148384E+000
       416     2.4286155701E+000
       417     3.7236890793E+000
       418     3.1685352325E+000
       419     3.9905252457E+000
       420     3.3400878906E+000
       421     3.5181119442E+000
       422     4.1424398422E+000
       423     3.1968264580E+000
       424     3.4279646873E+000
       425     3.2946276665E+000
       426     2.1118378639E+000
       427     3.3977451324E+000
       428     2.7015311718E+000
       429     1.9934182167E+000
       430     1.5630297661E+000
       431     1.3657038212E+000
       432     1.2183130980E+000
       433     1.2820320129E+000
       434     1.4883948565E+000
       435     1.2962307930E+000
       436     1.3188768625E+000
       437     1.8775804043E+000
       438     2.0072259903E+000
       439     2.4494619370E+000
       440     3.4350726604E+000
       441     2.1752116680E+000
       442     2.7069935799E+000
       443     3.9726731777E+000
       444     4.0954236984E+000
       445     3.6512701511E+000
       446     4.1777124405E+000
       447     3.5794487000E+000
       448     3.7326557636E+000
       449     3.3892910480E+000
       450     3.6688971519E+000
       451     3.9732260704E+000
       452     2.2737765312E+000
       453     2.5538992882E+000
       454     1.8325963020E+000
       455     1.8800729513E+000
       456     2.0537641048E+000
       457     1.8100283146E+000
       458     1.4886555672E+000
       459     2.7574300766E+000
       460     1.7998211384E+000
       461     1.6782287359E+000
       462     3.6564257145E+000
       463     3.7118172646E+000
       464     3.8960211277E+000
       465     2.3696029186E+000
       466     3.0167164803E+000
       467     3.8830039501E+000
       468     4.0299067497E+000
       469     3.7348680496E+000
       470     3.7456414700E+000
       471     3.8082118034E+000
       472     3.5111799240E+000
       473     4.2310776711E+000
       474     4.0062751770E+000
       475     2.0870161057E+000
       476     1.1916807890E+000
       477     2.2306706905E+000
       478     1.8833179474E+000
       479     2.3259661198E+000
       480     1.6133785248E+000
       481     1.5120490789E+000
       482     2.0493822098E+000
       483     2.5811715126E+000
       484     2.3628103733E+000
       485     2.9838938713E+000
       486     3.7601678371E+000
       487     1.6404131651E+000
       488     3.9098916054E+000
       489     4.1309170723E+000
       490     2.8152730465E+000
       491     3.7937631607E+000
       492     3.8927178383E+000
       493     4.0224342346E+000
       494     3.7939252853E+000
       495     3.7773535252E+000
       496     3.6192548275E+000
       497     3.4155273438E+000
       498     2.0058476925E+000
       499     1.9554682970E+000
       500     2.3996138573E+000
       501     1.9671738148E+000
       502     1.7688455582E+000
       503     2.3918807507E+000
       504     1.7138904333E+000
       505     2.8455824852E+000
       506     2.5592191219E+000
       507     2.4062886238E+000
       508     2.9412691593E+000
       509     3.8548245430E+000
       510     3.9792001247E+000
       511     2.5070207119E+000
       512     4.2570142746E+000
       513     4.5620064735E+000
       514     2.6579809189E+000
       515     3.6898765564E+000
       516     3.7572243214E+000
       517     3.7989940643E+000
       518     3.7832019329E+000
       519     3.6344172955E+000
       520     3.7102937698E+000
       521     2.1307542324E+000
       522     1.3858739138E+000
       523     2.3078560829E+000
       524     1.9546681643E+000
       525     2.0813677311E+000
       526     2.3879609108E+000
       527     2.8048391342E+000
       528     3.2948470116E+000
       529     2.0195467472E+000
       530     2.4037139416E+000
       531     3.8247747421E+000
       532     4.0588512421E+000
       533     4.4330620766E+000
       534     3.9726107121E+000
       535     4.6471123695E+000
       536     4.6950950623E+000
       537     4.7664494514E+000
       538     1.5846091509E+000
       539     3.0597977638E+000
       540     3.4215745926E+000
       541     4.4687819481E+000
       542     4.6624598503E+000
       543     4.6670956612E+000
       544     2.0331628323E+000
       545     1.6544861794E+000
       546     1.8922934532E+000
       547     1.9441581964E+000
       548     2.0853986740E+000
       549     3.5672395229E+000
       550     3.5854172707E+000
       551     3.6084291935E+000
       552     3.8269431591E+000
       553     4.2201027870E+000
       554     3.2967708111E+000
       555     4.2503452301E+000
       556     4.5681014061E+000
       557     4.4466280937E+000
       558     4.7468800545E+000
       559     4.6903114319E+000
       560     4.6942081451E+000
       561     2.0717246532E+000
       562     3.2083957195E+000
       563     4.1181569099E+000
       564     4.3661084175E+000
       565     4.4711289406E+000
       566     2.9802727699E+000
       567     1.4344948530E+000
       568     1.9585465193E+000
       569     2.0096848011E+000
       570     1.8265390396E+000
       571     4.1508340836E+000
       572     2.0691223145E+000
       573     3.9069705009E+000
       574     4.5116300583E+000
       575     3.8773849010E+000
       576     4.0003633499E+000
       577     4.3094429970E+000
       578     4.5946378708E+000
       579     4.4439468384E+000
       580     4.6579632759E+000
       581     4.7443103790E+000
       582     4.6297607422E+000
       583     4.7503695488E+000
       584     4.5918822289E+000
       585     3.2785983086E+000
       586     3.6439745426E+000
       587     3.6848256588E+000
       588     4.4098615646E+000
       589     3.4305458069E+000
       590     1.6344075203E+000
       591     1.9663141966E+000
       592     2.4074983597E+000
       593     2.7030174732E+000
       594     1.9199764729E+000
       595     4.7267546654E+000
       596     4.1880636215E+000
       597     4.4034595490E+000
       598     4.6913332939E+000
       599     4.7833523750E+000
       600     4.5554847717E+000
       601     4.7616448402E+000
       602     4.7815680504E+000
       603     4.7212352753E+000
       604     4.7954130173E+000
       605     4.6508378983E+000
       606     4.6974015236E+000
       607     4.7863941193E+000
       608     4.5190296173E+000
       609     3.2978088856E+000
       610     3.5747790337E+000
       611     4.2955784798E+000
       612     1.4346563816E+000
       613     1.5712283850E+000
       614     2.1200098991E+000
       615     2.2067198753E+000
       616     2.2882275581E+000
       617     2.2989194393E+000
       618     2.3645374775E+000
       619     2.1012094021E+000
       620     2.8751714230E+000
       621     2.4700422287E+000
       622     3.1540806293E+000
       623     4.8227872849E+000
       624     4.2226915359E+000
       625     4.6485862732E+000
       626     4.8386354446E+000
       627     4.7801599503E+000
       628     4.8402943611E+000
       629     4.8259263039E+000
       630     4.5885982513E+000
       631     4.6286883354E+000
       632     4.7467813492E+000
       633     4.3538069725E+000
       634     3.5761830807E+000
       635     3.8724997044E+000
       636     3.6874141693E+000
       637     1.9038870335E+000
       638     2.2029733658E+000
       639     2.6544663906E+000
       640     2.6387255192E+000
       641     2.3419601917E+000
       642     2.5792868137E+000
       643     2.5449924469E+000
       644     4.0888447762E+000
       645     4.2004642487E+000
       646     3.6599352360E+000
       647     4.8591513634E+000
       648     4.2175893784E+000
       649     4.4397187233E+000
       650     4.8494114876E+000
       651     4.8125972748E+000
       652     4.8846817017E+000
       653     4.7480497360E+000
       654     4.4609122276E+000
       655     4.6435995102E+000
       656     4.6796727180E+000
       657     4.2365174294E+000
       658     3.5910322666E+000
       659     2.9395792484E+000
       660     1.6598142385E+000
       661     2.9254179001E+000
       662     3.4694480896E+000
       663     2.4217126369E+000
       664     2.3480303288E+000
       665     2.7490339279E+000
       666     2.9280142784E+000
       667     2.6911885738E+000
       668     2.4860262871E+000
       669     2.7831356525E+000
       670     4.0311584473E+000
       671     4.5423884392E+000
       672     4.5121116638E+000
       673     4.8626093864E+000
       674     4.5861377716E+000
       675     4.7544217110E+000
       676     4.8145203590E+000
       677     4.8336796761E+000
       678     4.7984905243E+000
       679     4.3936953545E+000
       680     4.5378470421E+000
       681     4.6316223145E+000
       682     4.0654301643E+000
       683     1.9700927734E+000
       684     2.6665012836E+000
       685     3.1742174625E+000
       686     1.6199700832E+000
       687     4.1908893585E+000
       688     2.4573681355E+000
       689     2.5374221802E+000
       690     2.5492444038E+000
       691     2.6330428123E+000
       692     2.9093194008E+000
       693     2.7513804436E+000
       694     2.5598452091E+000
       695     2.4732913971E+000
       696     3.1727871895E+000
       697     4.5008254051E+000
       698     4.4809713364E+000
       699     4.4199028015E+000
       700     4.8236126900E+000
       701     4.5722637177E+000
       702     4.7881412506E+000
       703     4.7456717491E+000
       704     4.6764798164E+000
       705     4.4465098381E+000
       706     4.2637429237E+000
       707     4.4329404831E+000
       708     3.8839356899E+000
       709     1.4773385525E+000
       710     2.6927409172E+000
       711     2.7594981194E+000
       712     4.1537394524E+000
       713     3.6323988438E+000
       714     2.4904246330E+000
       715     2.3918752670E+000
       716     2.2626469135E+000
       717     2.7841708660E+000
       718     2.5650150776E+000
       719     2.8845355511E+000
       720     2.4087488651E+000
       721     2.1408998966E+000
       722     2.6301651001E+000
       723     2.4097814560E+000
       724     2.2046506405E+000
       725     3.5351011753E+000
       726     4.3095326424E+000
       727     4.4157867432E+000
       728     4.2962436676E+000
       729     4.2792077065E+000
       730     4.0913653374E+000
       731     4.5862097740E+000
       732     3.9707524776E+000
       733     4.3055272102E+000
       734     4.1587529182E+000
       735     3.9809079170E+000
       736     2.9750382900E+000
       737     4.1063838005E+000
       738     3.1887075901E+000
       739     2.7190792561E+000
       740     3.7140038013E+000
       741     3.4934132099E+000
       742     2.6432495117E+000
       743     2.7335777283E+000
       744     2.5608584881E+000
       745     2.8945384026E+000
       746     2.3994257450E+000
       747     2.5975091457E+000
       748     3.6637091637E+000
       749     4.1680355072E+000
       750     4.1975259781E+000
       751     3.9846150875E+000
       752     3.5241374969E+000
       753     3.1889975071E+000
       754     2.4231483936E+000
       755     4.1261100769E+000
       756     2.7784903049E+000
       757     2.7952401638E+000
       758     2.3755154610E+000
       759     3.6182034016E+000
       760     2.4891116619E+000
       761     2.7468390465E+000
       762     3.1570794582E+000
       763     3.0974581242E+000
       764     4.1033906937E+000
       765     3.9615504742E+000
       766     3.8618128300E+000
       767     3.8118996620E+000
       768     3.3881759644E+000
       769     2.2268333435E+000
       770     4.0747547150E+000
       771     3.0144309998E+000
       772     3.1441719532E+000
       773     2.6102724075E+000
       774     2.5490796566E+000
       775     2.5012421608E+000
       776     4.0754265785E+000
       777     2.6329240799E+000
       778     3.4930102825E+000
       779     3.7040629387E+000
       780     4.1060476303E+000
       781     3.9311869144E+000
       782     3.7581474781E+000
       783     3.3929083347E+000
       784     2.3514363766E+000
       785     1.9068694115E+000
       786     4.1266093254E+000
       787     2.6891407967E+000
       788     2.4782142639E+000
       789     2.4532372952E+000
       790     1.9194647074E+000
       791     2.4524145126E+000
       792     3.9128923416E+000
       793     2.8339271545E+000
       794     3.6042652130E+000
       795     4.0266036987E+000
       796     3.8801958561E+000
       797     3.2880012989E+000
       798     2.3879964352E+000
       799     1.4548233747E+000
       800     2.4770939350E+000
       801     3.7903337479E+000
       802     2.4484040737E+000
       803     1.8587625027E+000
       804     2.9972314835E+000
       805     3.2678389549E+000
       806     2.7979073524E+000
       807     4.1100625992E+000
       808     3.8795626163E+000
       809     3.7500288486E+000
       810     3.2024991512E+000
       811     2.6831173897E+000
       812     3.3952736855E+000
       813     2.2751526833E+000
       814     1.7517067194E+000
       815     3.6121368408E+000
       816     3.4963471889E+000
       817     3.7731299400E+000
       818     3.6447155476E+000
       819     3.1862466335E+000
       820     3.8010342121E+000
       821     3.3683729172E+000
       822     2.1211705208E+000
       823     2.5554108620E+000
       824     2.4650990963E+000
       825     2.8453562260E+000
       826     3.8423972130E+000
       827     3.7190246582E+000
       828     3.1608870029E+000
       829     3.6042733192E+000
       830     3.4440352917E+000
       831     1.5529460907E+000
       832     2.9563317299E+000
       833     2.9927153587E+000
       834     3.0803320408E+000
       835     3.5811657906E+000
       836     3.4813158512E+000
       837     3.5686895847E+000
       838     3.4704463482E+000
       839     1.4636141062E+000
       840     2.6662170887E+000
       841     2.2915601730E+000
       842     2.1782693863E+000
       843     2.5664312840E+000
       844     3.7417652607E+000
       845     2.7831487656E+000
       846     3.7252066135E+000
       847     3.2577486038E+000
       848     1.8055015802E+000
       849     2.4758746624E+000
       850     2.3794176579E+000
       851     2.1405642033E+000
       852     1.9712479115E+000
       853     3.3715865612E+000
       854     3.0959880352E+000
       855     3.1729910374E+000
       856     1.9311863184E+000
       857     2.8581585884E+000
       858     3.1531062126E+000
       859     3.0644509792E+000
       860     1.9570000172E+000
       861     3.0105426311E+000
       862     3.5249936581E+000
       863     3.0425477028E+000
       864     1.2626731396E+000
       865     3.1184482574E+000
       866     2.9331147671E+000
       867     2.6282358170E+000
       868     2.2526097298E+000
       869     2.7400672436E+000
       870     2.6456384659E+000
       871     3.1925916672E+000
       872     2.6994035244E+000
       873     2.1000976562E+000
       874     3.4833109379E+000
       875     3.5973670483E+000
       876     1.7005870342E+000
       877     2.9135668278E+000
       878     1.8627272844E+000
       879     2.4793522358E+000
       880     3.7683086395E+000
       881     2.8641564846E+000
       882     2.6609747410E+000
       883     2.7754824162E+000
       884     1.8612046242E+000
       885     4.0102710724E+000
       886     1.9590232372E+000
       887     2.1209745407E+000
       888     4.0862994194E+000
       889     2.6563196182E+000
       890     2.1533322334E+000
       891     2.3216111660E+000
       892     2.9198782444E+000
       893     2.8015589714E+000
       894     1.9878321886E+000
       895     4.1747488976E+000
       896     2.5765810013E+000
       897     4.5263862610E+000
       898     4.2800984383E+000
       899     2.4052751064E+000
       900     2.3538436890E+000
       901     1.9841568470E+000
       902     3.6940701008E+000
       903     4.4136795998E+000
       904     4.2393527031E+000
       905     2.9270884991E+000
       906     2.1283559799E+000
       907     2.6652798653E+000
       908     1.6717668772E+000
       909     4.2165107727E+000
       910     2.7587902546E+000
       911     4.4757533073E+000
       912     4.3862748146E+000
       913     2.3352262974E+000
       914     3.4366369247E+000
       915     3.3552238941E+000
       916     4.1942110062E+000
       917     4.5741949081E+000
       918     1.6201990843E+000
       919     2.7528822422E+000
       920     2.3195955753E+000
       921     2.6219761372E+000
       922     4.2152891159E+000
       923     4.3458528519E+000
       924     4.6336693764E+000
       925     2.1079440117E+000
       926     3.0441548824E+000
       927     2.1831076145E+000
       928     3.9161748886E+000
       929     4.5687947273E+000
       930     3.6298539639E+000
       931     1.8364491463E+000
       932     2.3197743893E+000
       933     2.7594535351E+000
       934     1.6220358610E+000
       935     1.7957054377E+000
       936     4.2492256165E+000
       937     4.4305524826E+000
       938     4.5830545425E+000
       939     3.4062235355E+000
       940     1.6940355301E+000
       941     2.7785358429E+000
       942     2.4522564411E+000
       943     4.4946479797E+000
       944     3.0602040291E+000
       945     3.3766510487E+000
       946     1.9561805725E+000
       947     3.2146921158E+000
       948     4.0696811676E+000
       949     4.2989144325E+000
       950     4.4672546387E+000
       951     4.6391601562E+000
       952     4.1109590530E+000
       953     2.7794716358E+000
       954     2.2894518375E+000
       955     1.6775902510E+000
       956     2.0002951622E+000
       957     4.5739159584E+000
       958     3.2634336948E+000
       959     1.7696485519E+000
       960     3.6748685837E+000
       961     4.3676953316E+000
       962     4.5532679558E+000
       963     4.3443813324E+000
       964     2.3379385471E+000
       965     1.5021791458E+000
       966     4.5940437317E+000
       967     1.7942402363E+000
       968     3.9298510551E+000
       969     4.4934554100E+000
       970     3.3535239697E+000
       971     9.0223813057E-001
       972     3.7486982346E+000
       973     2.9025366306E+000
       974     1.7735084295E+000
       975     3.2503955364E+000
       976     3.5472536087E+000
       977     3.5192358494E+000
       978     2.9144268036E+000
       979     1.0869857073E+000
       980     3.8189134598E+000
       981     2.4343082905E+000
       982     1.9870309830E+000
       983     3.0072803497E+000
       984     3.3615942001E+000
       985     3.7294313908E+000
       986     3.4700615406E+000
       987     2.1497938633E+000
       988     1.2227776051E+000
       989     3.9395024776E+000
       990     2.1442792416E+000
       991     1.2235000134E+000
       992     3.5506091118E+000
       993     2.8120725155E+000
       994     3.4799485207E+000
       995     2.8102750778E+000
       996     3.9809997082E+000
       997     1.3917618990E+000
       998     1.6476351023E+000
       999     3.8261575699E+000
      1000     2.7992243767E+000
      1001     2.2361557484E+000
      1002     4.0005998611E+000
      1003     3.9515383244E+000
      1004     4.0347375870E+000
      1005     3.8941104412E+000
      1006     1.8432716131E+000
      1007     2.7941389084E+000
      1008     3.9113564491E+000
      1009     2.3268630505E+000
      1010     3.4377164841E+000
      1011     4.2214808464E+000
      1012     4.2712049484E+000
      1013     4.2599349022E+000
      1014     1.7819833755E+000
      1015     2.7909870148E+000
      1016     2.0815885067E+000
      1017     4.1485433578E+000
      1018     4.3031754494E+000
      1019     4.4929113388E+000
      1020     4.2732520103E+000
      1021     2.7468974590E+000
      1022     3.1986641884E+000
      1023     4.5264945030E+000
      1024     4.3311371803E+000
      1025     4.3349862099E+000
      1026     4.4502568245E+000
      1027     3.2320997715E+000
      1028     3.0566632748E+000
      1029     4.2620258331E+000
      1030     4.5816793442E+000
      1031     2.7811803818E+000
      1032     2.2892267704E+000
      1033     4.4900546074E+000
      1034     2.8847990036E+000
      1035     2.6872415543E+000
      1036     1.9394198656E+000
      1037     3.7073867321E+000
      1038     3.5971262455E+000
      1039     2.9985101223E+000
      1040     2.5378777981E+000
      1041     4.8433885574E+000
      1042     3.3890511990E+000
      1043     4.6932339668E+000
      1044     2.8088777065E+000
      1045     3.2215170860E+000
      1046     3.9979038239E+000
      1047     4.4312543869E+000
      1048     4.6203713417E+000
      1049     4.8205976486E+000
      1050     2.8131465912E+000
      1051     4.7421855927E+000
      1052     4.5644755363E+000
      1053     4.2420549393E+000
      1054     4.7454628944E+000
      1055     3.0172615051E+000
      1056     3.7246367931E+000
      1057     2.9352478981E+000
      1058     2.9978439808E+000
      1059     2.6129379272E+000
      1060     3.7460095882E+000
      1061     2.5766584873E+000
      1062     4.3234524727E+000
      1063     2.7795164585E+000
      1064     2.9814560413E+000
      1065     3.0103714466E+000
      1066     4.0675721169E+000
      1067     3.0028994083E+000
      1068     2.8951351643E+000
      1069     2.7363941669E+000
