  nc_newport_river_core_cr4_bath    v31.06 iterative         Albemarle-Pamlico Estuar
          1       1069  0.1000000E+001        1     1 FileFmtVersion:    1050624
     2.5920000000E+005          51840
         1     1.3418604434E-001
         2     1.6838614941E+000
         3     9.8169034719E-001
         4     1.9767265320E+000
         5     1.1836285591E+000
         6     1.8854892254E+000
         7     1.1067792177E+000
         8     1.9679026604E+000
         9     2.1560859680E+000
        10     8.3321928978E-001
        11     2.0707893372E+000
        12     2.1176843643E+000
        13     1.0306869745E+000
        14     1.8877021074E+000
        15     2.4460711479E+000
        16     1.1391245127E+000
        17     1.7329430580E+000
        18     1.1379151344E+000
        19     1.6828995943E+000
        20     6.7459332943E-001
        21     1.8823533058E+000
        22     1.1474789381E+000
        23     1.5167695284E+000
        24     7.0650094748E-001
        25     2.0836436749E+000
        26     1.6939003468E+000
        27     1.4309158325E+000
        28     5.6315189600E-001
        29     1.9937052727E+000
        30     1.5681527853E+000
        31     1.6410706043E+000
        32     1.1907902956E+000
        33     2.2169017792E+000
        34     1.4439290762E+000
        35     1.6206432581E+000
        36     1.2191431522E+000
        37     2.2204747200E+000
        38     1.7475320101E+000
        39     1.6300121546E+000
        40     1.6415265799E+000
        41     4.2731016874E-001
        42     1.8109397888E+000
        43     1.0220724344E+000
        44     1.8404741287E+000
        45     1.3029282093E+000
        46     1.8507033587E+000
        47     1.3335016966E+000
        48     1.9308364391E+000
        49     7.9365718365E-001
        50     8.6217284203E-001
        51     1.8613690138E+000
        52     1.4299366474E+000
        53     1.4631780386E+000
        54     1.3544570208E+000
        55     2.9904863834E+000
        56     1.3016988039E+000
        57     2.3669662476E+000
        58     1.4589916468E+000
        59     1.5306922197E+000
        60     1.6750553846E+000
        61     7.6388937235E-001
        62     7.9409897327E-001
        63     1.9764612913E+000
        64     1.6038023233E+000
        65     1.2713664770E+000
        66     2.8414068222E+000
        67     2.9879872799E+000
        68     1.3171888590E+000
        69     1.8163323402E+000
        70     1.4055428505E+000
        71     1.6091952324E+000
        72     1.6878683567E+000
        73     9.5634967089E-001
        74     1.4066532850E+000
        75     1.2515119314E+000
        76     1.8217674494E+000
        77     1.5327943563E+000
        78     1.1850819588E+000
        79     1.6941980124E+000
        80     2.9868319035E+000
        81     1.0220797062E+000
        82     2.8608269691E+000
        83     1.8315294981E+000
        84     2.6355628967E+000
        85     2.7222788334E+000
        86     1.3222749233E+000
        87     1.3590104580E+000
        88     1.4088373184E+000
        89     1.3227043152E+000
        90     1.4140148163E+000
        91     1.2555119991E+000
        92     3.1413545609E+000
        93     2.6512503624E+000
        94     1.1331229210E+000
        95     2.6660377979E+000
        96     1.4791820049E+000
        97     2.8451151848E+000
        98     1.2849423885E+000
        99     1.5867215395E+000
       100     4.7766527534E-001
       101     1.6013872623E+000
       102     1.2196491957E+000
       103     1.5944094658E+000
       104     1.1802198887E+000
       105     1.3509728909E+000
       106     1.0083030462E+000
       107     2.9862103462E+000
       108     2.9054458141E+000
       109     2.3774383068E+000
       110     7.9173964262E-001
       111     2.8363189697E+000
       112     2.8542242050E+000
       113     2.7344844341E+000
       114     1.3454999924E+000
       115     1.7234205008E+000
       116     1.4424238205E+000
       117     1.5636869669E+000
       118     5.7477623224E-001
       119     2.1513066292E+000
       120     1.3195751905E+000
       121     2.6591594219E+000
       122     1.3805621862E+000
       123     1.4088604450E+000
       124     5.8099746704E-001
       125     1.2277424335E+000
       126     1.1562602520E+000
       127     1.3872019053E+000
       128     2.5879225731E+000
       129     7.6050186157E-001
       130     2.8342175484E+000
       131     2.7185153961E+000
       132     2.7092993259E+000
       133     1.6458259821E+000
       134     1.1609123945E+000
       135     2.0211963654E+000
       136     2.4096076488E+000
       137     1.3550016880E+000
       138     1.3708951473E+000
       139     2.6877472401E+000
       140     2.1095263958E+000
       141     1.4621965885E+000
       142     1.5125575066E+000
       143     1.0240004063E+000
       144     8.0684196949E-001
       145     1.1818560362E+000
       146     1.2316542864E+000
       147     2.6911044121E+000
       148     2.3355083466E+000
       149     2.8506488800E+000
       150     1.0856150389E+000
       151     2.6925818920E+000
       152     1.3545222282E+000
       153     2.6052389145E+000
       154     1.1489835978E+000
       155     1.3701111078E+000
       156     1.4648132324E+000
       157     2.7108588219E+000
       158     2.3952915668E+000
       159     1.8619384766E+000
       160     1.9188089371E+000
       161     2.0064959526E+000
       162     1.1001002789E+000
       163     1.2747045755E+000
       164     2.0855948925E+000
       165     2.9284095764E+000
       166     1.4708286524E+000
       167     2.5855267048E+000
       168     1.2438237667E+000
       169     1.1714849472E+000
       170     2.6105048656E+000
       171     1.3792358637E+000
       172     5.8761096001E-001
       173     1.7303248644E+000
       174     2.7144069672E+000
       175     2.3458254337E+000
       176     1.1644876003E+000
       177     8.1872874498E-001
       178     2.0364098549E+000
       179     2.8394458294E+000
       180     2.7573518753E+000
       181     2.4782843590E+000
       182     8.5615605116E-001
       183     2.7668631077E-001
       184     4.2839264870E-001
       185     8.2195645571E-001
       186     7.0406514406E-001
       187     1.9647212029E+000
       188     2.2723095417E+000
       189     2.6897289753E+000
       190     2.0614378452E+000
       191     1.0085750818E+000
       192     1.3636305332E+000
       193     1.4465156794E+000
       194     1.3995277882E+000
       195     2.4873762131E+000
       196     9.5430135727E-001
       197     1.1840635538E+000
       198     8.9931702614E-001
       199     2.2624814510E+000
       200     2.6516687870E+000
       201     1.4548258781E+000
       202     1.8863482475E+000
       203     2.6093668938E+000
       204     2.3626086712E+000
       205     2.4817473888E+000
       206     2.8556249142E+000
       207     2.7493479252E+000
       208     2.5944571495E+000
       209     5.7269197702E-001
       210     7.3847669363E-001
       211     1.7907280922E+000
       212     2.4894714355E+000
       213     2.1673297882E+000
       214     2.1837511063E+000
       215     1.8737920523E+000
       216     1.8413960934E+000
       217     2.3423535824E+000
       218     2.0300934315E+000
       219     1.2674312592E+000
       220     2.5310740471E+000
       221     1.0675363541E+000
       222     2.6049671173E+000
       223     2.6293551922E+000
       224     2.5648217201E+000
       225     2.6675498486E+000
       226     2.7043552399E+000
       227     2.7698450089E+000
       228     2.6510217190E+000
       229     2.0825643539E+000
       230     6.2336546183E-001
       231     6.4501374960E-001
       232     9.6469378471E-001
       233     6.9004017115E-001
       234     2.4233839512E+000
       235     1.3411328793E+000
       236     1.8607177734E+000
       237     2.2938673496E+000
       238     1.1479793787E+000
       239     4.7492855787E-001
       240     4.0728613734E-001
       241     2.1401748657E+000
       242     2.6083133221E+000
       243     2.3344709873E+000
       244     2.6380045414E+000
       245     1.4014828205E+000
       246     2.3310840130E+000
       247     2.3919131756E+000
       248     2.5349788666E+000
       249     2.6233539581E+000
       250     2.5328559875E+000
       251     2.3720228672E+000
       252     1.9191473722E+000
       253     9.0828126669E-001
       254     7.3406189680E-001
       255     3.1240421534E-001
       256     9.5797264576E-001
       257     5.0251871347E-001
       258     8.5820704699E-001
       259     1.5385739803E+000
       260     9.6682983637E-001
       261     2.4007027149E+000
       262     1.5719144344E+000
       263     2.2588367462E+000
       264     7.9839199781E-001
       265     1.2288708687E+000
       266     6.7380100489E-001
       267     2.4657170773E+000
       268     2.5858778954E+000
       269     1.5548129082E+000
       270     1.6491640806E+000
       271     1.7837471962E+000
       272     2.0794391632E+000
       273     2.3094804287E+000
       274     2.3062155247E+000
       275     2.3677256107E+000
       276     2.2920093536E+000
       277     5.2122551203E-001
       278     7.7373480797E-001
       279     7.6610082388E-001
       280     8.1080681086E-001
       281     1.0233054161E+000
       282     1.5750615597E+000
       283     8.3346813917E-001
       284     2.3399584293E+000
       285     2.0780613422E+000
       286     2.3365592957E+000
       287     9.1136592627E-001
       288     5.6435769796E-001
       289     9.2206835747E-001
       290     2.4074342251E+000
       291     1.7119638920E+000
       292     1.5285477638E+000
       293     1.6205459833E+000
       294     1.7322603464E+000
       295     1.3887469769E+000
       296     9.0391927958E-001
       297     2.0038888454E+000
       298     2.2223777771E+000
       299     2.2736370564E+000
       300     6.0338908434E-001
       301     7.4458044767E-001
       302     5.7051968575E-001
       303     1.3466989994E+000
       304     1.4023259878E+000
       305     9.0847289562E-001
       306     2.2710721493E+000
       307     2.0369031429E+000
       308     2.3075532913E+000
       309     5.9712666273E-001
       310     5.5671274662E-001
       311     5.2784013748E-001
       312     9.2830365896E-001
       313     2.0273449421E+000
       314     2.0433950424E+000
       315     1.5701112747E+000
       316     1.7559006214E+000
       317     1.0703270435E+000
       318     2.1243934631E+000
       319     1.6498469114E+000
       320     2.1775605679E+000
       321     6.3340461254E-001
       322     5.2952581644E-001
       323     1.6370097399E+000
       324     1.1001992226E+000
       325     9.0282189846E-001
       326     2.1855261326E+000
       327     2.3493113518E+000
       328     1.3149713278E+000
       329     6.4490085840E-001
       330     6.1904233694E-001
       331     8.2301086187E-001
       332     4.9098131061E-001
       333     1.5197415352E+000
       334     9.7920811176E-001
       335     1.0535364151E+000
       336     2.0518260002E+000
       337     2.0254883766E+000
       338     1.8327394724E+000
       339     7.9823970795E-001
       340     6.2453991175E-001
       341     1.2293708324E+000
       342     2.1817636490E+000
       343     2.2879135609E+000
       344     1.9863075018E+000
       345     1.5987828970E+000
       346     5.2019619942E-001
       347     5.3995031118E-001
       348     7.1577894688E-001
       349     1.1140972376E+000
       350     1.2901412249E+000
       351     4.1623473167E-001
       352     1.8692212105E+000
       353     1.4725723267E+000
       354     1.2529319525E+000
       355     8.7395727634E-001
       356     4.4823423028E-001
       357     4.4527688622E-001
       358     3.3459815383E-001
       359     1.6314778328E+000
       360     1.8129729033E+000
       361     1.6882613897E+000
       362     1.4793596268E+000
       363     2.1233563423E+000
       364     2.1111576557E+000
       365     1.7998279333E+000
       366     5.1369524002E-001
       367     7.8671252728E-001
       368     1.4881353378E+000
       369     1.7494268417E+000
       370     2.1856167912E-001
       371     5.8897715807E-001
       372     2.6316219568E-001
       373     3.1212940812E-001
       374     3.1340223551E-001
       375     3.1026667356E-001
       376     2.8601148725E-001
       377     2.9508283734E-001
       378     1.6971865892E+000
       379     1.1904076338E+000
       380     4.6944382787E-001
       381     2.2804084420E-001
       382     4.7531032562E-001
       383     5.3007721901E-001
       384     4.0069958568E-001
       385     4.5237982273E-001
       386     8.3171713352E-001
       387     3.3916079998E-001
       388     1.4124219418E+000
       389     1.5175824165E+000
       390     2.0865728855E+000
       391     1.5894738436E+000
       392     1.7137341499E+000
       393     1.6182216406E+000
       394     1.5048239231E+000
       395     1.8850040436E+000
       396     2.0673220158E+000
       397     2.2419698238E+000
       398     1.1419196129E+000
       399     1.5766187906E+000
       400     1.3736057281E+000
       401     3.7526035309E-001
       402     1.1004825830E+000
       403     5.1935952902E-001
       404     6.5713298321E-001
       405     1.3423954248E+000
       406     1.1410027742E+000
       407     4.5830020308E-001
       408     5.9373480082E-001
       409     5.6440979242E-001
       410     6.6348457336E-001
       411     2.4413952231E-001
       412     3.9079719782E-001
       413     4.4550478458E-001
       414     5.3617125750E-001
       415     1.4618490934E+000
       416     1.4276727438E+000
       417     2.0044891834E+000
       418     1.6594002247E+000
       419     2.2445337772E+000
       420     1.9604929686E+000
       421     2.1470639706E+000
       422     2.2602505684E+000
       423     1.7718025446E+000
       424     1.9942023754E+000
       425     1.8092142344E+000
       426     7.9520303011E-001
       427     1.2429541349E+000
       428     1.0146726370E+000
       429     1.1627725363E+000
       430     9.6762263775E-001
       431     4.8147231340E-001
       432     4.3316972256E-001
       433     1.7795068026E-001
       434     5.2613383532E-001
       435     4.4900405407E-001
       436     4.3333759904E-001
       437     6.8640762568E-001
       438     7.5283980370E-001
       439     9.1741204262E-001
       440     1.4060511589E+000
       441     1.2846790552E+000
       442     1.5073184967E+000
       443     2.2584540844E+000
       444     2.3305840492E+000
       445     2.2133574486E+000
       446     2.2960984707E+000
       447     2.0508203506E+000
       448     2.2512886524E+000
       449     1.9086585045E+000
       450     1.5403518677E+000
       451     1.5748938322E+000
       452     1.2198598385E+000
       453     1.1589881182E+000
       454     6.9895595312E-001
       455     6.8658405542E-001
       456     7.2362911701E-001
       457     4.7953754663E-001
       458     5.6187480688E-001
       459     1.0980991125E+000
       460     6.1344188452E-001
       461     6.4112365246E-001
       462     1.4834834337E+000
       463     1.5414456129E+000
       464     1.6688653231E+000
       465     1.3241435289E+000
       466     1.6110631227E+000
       467     2.2043108940E+000
       468     2.2541184425E+000
       469     2.2563757896E+000
       470     2.2019915581E+000
       471     2.2983465195E+000
       472     1.9948829412E+000
       473     1.6557337046E+000
       474     1.7091284990E+000
       475     1.1889464855E+000
       476     5.8381438255E-001
       477     8.6769914627E-001
       478     6.9154536724E-001
       479     8.6470174789E-001
       480     5.0941848755E-001
       481     5.7393580675E-001
       482     5.3655034304E-001
       483     5.3494834900E-001
       484     9.1374242306E-001
       485     1.1235580444E+000
       486     1.5606762171E+000
       487     5.8249694109E-001
       488     1.6026427746E+000
       489     1.7383215427E+000
       490     1.5051908493E+000
       491     2.1248145103E+000
       492     2.1590385437E+000
       493     2.2141172886E+000
       494     2.2609157562E+000
       495     2.2638483047E+000
       496     2.1081779003E+000
       497     1.9298416376E+000
       498     9.9199587107E-001
       499     9.0593266487E-001
       500     9.6386384964E-001
       501     6.4458990097E-001
       502     6.4895313978E-001
       503     9.2666119337E-001
       504     6.6105800867E-001
       505     1.1568018198E+000
       506     9.7872304916E-001
       507     8.5465794802E-001
       508     1.1162701845E+000
       509     1.6156811714E+000
       510     1.6518522501E+000
       511     9.4841700792E-001
       512     1.7731857300E+000
       513     1.9657936096E+000
       514     1.3068368435E+000
       515     2.0446696281E+000
       516     2.0766279697E+000
       517     2.0856165886E+000
       518     2.2610387802E+000
       519     2.1211662292E+000
       520     2.1731872559E+000
       521     1.0100469589E+000
       522     7.0558625460E-001
       523     8.5488182306E-001
       524     6.5016764402E-001
       525     8.1863683462E-001
       526     9.4883471727E-001
       527     1.1363021135E+000
       528     1.4265321493E+000
       529     7.6621717215E-001
       530     9.2946243286E-001
       531     1.6106727123E+000
       532     1.6566414833E+000
       533     1.8929582834E+000
       534     1.7492281199E+000
       535     2.1273043156E+000
       536     2.1028077602E+000
       537     2.1738514900E+000
       538     8.7979173660E-001
       539     1.6440424919E+000
       540     1.8269765377E+000
       541     1.9313647747E+000
       542     2.1225996017E+000
       543     2.1499919891E+000
       544     1.0616706610E+000
       545     7.1347701550E-001
       546     7.1053808928E-001
       547     7.1028244495E-001
       548     7.9484057426E-001
       549     1.4734413624E+000
       550     1.6133207083E+000
       551     1.5894323587E+000
       552     1.6973364353E+000
       553     1.9321922064E+000
       554     1.3727593422E+000
       555     1.9021898508E+000
       556     1.9841841459E+000
       557     2.0818812847E+000
       558     2.1544253826E+000
       559     2.1849822998E+000
       560     2.1457438469E+000
       561     1.0767925978E+000
       562     1.6474549770E+000
       563     1.7206238508E+000
       564     1.8988571167E+000
       565     2.0952374935E+000
       566     1.4826780558E+000
       567     5.2748769522E-001
       568     7.2717237473E-001
       569     7.3164540529E-001
       570     7.4052536488E-001
       571     1.9420316219E+000
       572     7.4915957451E-001
       573     1.6774392128E+000
       574     2.0602519512E+000
       575     1.7314296961E+000
       576     1.8790141344E+000
       577     1.9468898773E+000
       578     2.1302118301E+000
       579     2.0928428173E+000
       580     2.1717529297E+000
       581     2.2312736511E+000
       582     2.1394276619E+000
       583     2.2145900726E+000
       584     2.1069025993E+000
       585     1.5660747290E+000
       586     1.8309364319E+000
       587     1.8786585331E+000
       588     1.9859122038E+000
       589     1.5729929209E+000
       590     7.0535004139E-001
       591     7.8272140026E-001
       592     8.8368993998E-001
       593     1.0752353668E+000
       594     8.1014698744E-001
       595     2.2022407055E+000
       596     1.8550081253E+000
       597     1.9787178040E+000
       598     2.1455738544E+000
       599     2.2931954861E+000
       600     2.2012560368E+000
       601     2.2755744457E+000
       602     2.2955245972E+000
       603     2.2553634644E+000
       604     2.2944614887E+000
       605     2.1279280186E+000
       606     2.1750760078E+000
       607     2.2520399094E+000
       608     2.0794324875E+000
       609     1.6976145506E+000
       610     1.8204076290E+000
       611     1.9369572401E+000
       612     7.6356989145E-001
       613     6.2096869946E-001
       614     7.8763437271E-001
       615     8.5869920254E-001
       616     8.7269145250E-001
       617     8.9486515522E-001
       618     8.9478945732E-001
       619     8.7919342518E-001
       620     1.1118184328E+000
       621     9.9987125397E-001
       622     1.2839758396E+000
       623     2.3140652180E+000
       624     1.9428927898E+000
       625     2.0918650627E+000
       626     2.2146804333E+000
       627     2.3329341412E+000
       628     2.3659427166E+000
       629     2.2969336510E+000
       630     2.1284680367E+000
       631     2.1706297398E+000
       632     2.2402215004E+000
       633     1.9998062849E+000
       634     1.7624903917E+000
       635     1.8902206421E+000
       636     1.6690653563E+000
       637     8.3437967300E-001
       638     9.4487047195E-001
       639     1.0993624926E+000
       640     1.0323402882E+000
       641     9.0463781357E-001
       642     9.9076157808E-001
       643     1.0570704937E+000
       644     1.8317385912E+000
       645     1.8919001818E+000
       646     1.5727831125E+000
       647     2.3377990723E+000
       648     2.1764647961E+000
       649     1.9036297798E+000
       650     2.2854638100E+000
       651     2.3354575634E+000
       652     2.3663482666E+000
       653     2.2901844978E+000
       654     2.0494394302E+000
       655     2.1440091133E+000
       656     2.1963341236E+000
       657     1.9222419262E+000
       658     1.7919443846E+000
       659     1.5724898577E+000
       660     7.8921234608E-001
       661     1.1986681223E+000
       662     1.3531956673E+000
       663     9.3010473251E-001
       664     9.3062829971E-001
       665     1.1283606291E+000
       666     1.2480177879E+000
       667     1.0544347763E+000
       668     9.7571337223E-001
       669     1.1126189232E+000
       670     1.7152309418E+000
       671     2.1677529812E+000
       672     2.0966243744E+000
       673     2.3086602688E+000
       674     2.1313345432E+000
       675     2.1107027531E+000
       676     2.3037686348E+000
       677     2.2993247509E+000
       678     2.2511794567E+000
       679     2.0032072067E+000
       680     2.1006143093E+000
       681     2.1758046150E+000
       682     1.8318564892E+000
       683     8.3308124542E-001
       684     8.2249593735E-001
       685     1.5900596380E+000
       686     7.0941525698E-001
       687     1.6643537283E+000
       688     9.6319186687E-001
       689     1.0121570826E+000
       690     9.6463274956E-001
       691     1.0340876579E+000
       692     1.1063194275E+000
       693     1.1296408176E+000
       694     1.0340337753E+000
       695     1.0402039289E+000
       696     1.2563329935E+000
       697     2.0434508324E+000
       698     2.0977520943E+000
       699     2.0178244114E+000
       700     2.1931986809E+000
       701     2.1162805557E+000
       702     2.2786149979E+000
       703     2.1511833668E+000
       704     2.1849105358E+000
       705     2.0606474876E+000
       706     1.9261360168E+000
       707     2.0177071095E+000
       708     1.7504663467E+000
       709     6.9726306200E-001
       710     1.3832314014E+000
       711     7.6584303379E-001
       712     1.7871292830E+000
       713     1.0332446098E+000
       714     1.0579280853E+000
       715     9.4985204935E-001
       716     1.2581697702E+000
       717     1.3009792566E+000
       718     9.8709553480E-001
       719     1.0694588423E+000
       720     1.0383093357E+000
       721     8.7578481436E-001
       722     1.0684853792E+000
       723     9.5016068220E-001
       724     9.2153412104E-001
       725     1.4552366734E+000
       726     2.0100679398E+000
       727     2.0834376812E+000
       728     2.0513327122E+000
       729     1.9144383669E+000
       730     1.9436154366E+000
       731     2.0466239452E+000
       732     1.6561926603E+000
       733     1.8774369955E+000
       734     1.9204965830E+000
       735     1.8245199919E+000
       736     1.1735768318E+000
       737     1.8855353594E+000
       738     1.0501095057E+000
       739     1.3214728832E+000
       740     1.3739401102E+000
       741     1.6589313745E+000
       742     1.0659979582E+000
       743     1.1063435078E+000
       744     1.0412235260E+000
       745     1.2088475227E+000
       746     9.7209626436E-001
       747     1.0375803709E+000
       748     1.6017613411E+000
       749     1.9758691788E+000
       750     1.9520349503E+000
       751     1.8405719995E+000
       752     1.4514615536E+000
       753     1.2984097004E+000
       754     9.6723794937E-001
       755     1.9890885353E+000
       756     1.0024366379E+000
       757     1.0633028746E+000
       758     1.0258255005E+000
       759     1.5321067572E+000
       760     9.7438758612E-001
       761     1.0545723438E+000
       762     1.2981073856E+000
       763     1.2345938683E+000
       764     1.9264806509E+000
       765     1.8629608154E+000
       766     1.8143501282E+000
       767     1.7379071712E+000
       768     1.4029814005E+000
       769     5.6846147776E-001
       770     1.9398317337E+000
       771     1.1987768412E+000
       772     1.2919062376E+000
       773     1.0483056307E+000
       774     1.0177350044E+000
       775     1.0211547613E+000
       776     1.7320803404E+000
       777     1.0324292183E+000
       778     1.3616130352E+000
       779     1.5391206741E+000
       780     1.9705601931E+000
       781     1.8254704475E+000
       782     1.7395373583E+000
       783     1.5274270773E+000
       784     8.5440528393E-001
       785     7.6822787523E-001
       786     1.9585839510E+000
       787     1.0768120289E+000
       788     1.0135288239E+000
       789     9.8408138752E-001
       790     7.1083402634E-001
       791     1.0143144131E+000
       792     1.7862212658E+000
       793     1.1629298925E+000
       794     1.4908517599E+000
       795     1.9453275204E+000
       796     1.7547291517E+000
       797     1.4476844072E+000
       798     4.6054622531E-001
       799     5.2979034185E-001
       800     6.4479511976E-001
       801     1.7320849895E+000
       802     9.7615224123E-001
       803     6.6378468275E-001
       804     1.1384310722E+000
       805     1.1233930588E+000
       806     1.1508735418E+000
       807     2.0091385841E+000
       808     1.7218242884E+000
       809     1.7771761417E+000
       810     1.3729219437E+000
       811     1.0123240948E+000
       812     1.4653154612E+000
       813     9.0491724014E-001
       814     6.8946355581E-001
       815     1.4830302000E+000
       816     1.5107313395E+000
       817     1.7533696890E+000
       818     1.6508716345E+000
       819     1.5332040787E+000
       820     1.7800885439E+000
       821     1.4968929291E+000
       822     5.5968844891E-001
       823     1.0006638765E+000
       824     5.8156216145E-001
       825     1.0708254576E+000
       826     1.7121962309E+000
       827     1.7432646751E+000
       828     1.3814620972E+000
       829     1.6387734413E+000
       830     1.5573701859E+000
       831     4.1275748610E-001
       832     1.1933683157E+000
       833     9.3586087227E-001
       834     8.4953403473E-001
       835     1.5980838537E+000
       836     1.5955599546E+000
       837     1.6633836031E+000
       838     1.5875651836E+000
       839     6.9330656528E-001
       840     1.0097604990E+000
       841     7.9233324528E-001
       842     9.3034762144E-001
       843     1.1279690266E+000
       844     1.6239658594E+000
       845     1.0927084684E+000
       846     1.6653722525E+000
       847     1.4605653286E+000
       848     7.2081351280E-001
       849     1.0269849300E+000
       850     8.3033025265E-001
       851     8.2303875685E-001
       852     9.5932078362E-001
       853     1.3957872391E+000
       854     1.3097898960E+000
       855     1.4262481928E+000
       856     9.7891843319E-001
       857     1.2175177336E+000
       858     1.1256344318E+000
       859     1.2326622009E+000
       860     7.9051917791E-001
       861     1.2794787884E+000
       862     1.5715440512E+000
       863     1.3228467703E+000
       864     6.1425197124E-001
       865     1.3529335260E+000
       866     1.2155963182E+000
       867     1.0608111620E+000
       868     9.0600281954E-001
       869     1.0544329882E+000
       870     7.8907018900E-001
       871     1.3695658445E+000
       872     7.8318399191E-001
       873     7.9078501463E-001
       874     1.4820853472E+000
       875     1.6049784422E+000
       876     9.0466892719E-001
       877     1.2986581326E+000
       878     4.9280220270E-001
       879     1.0721526146E+000
       880     1.6100413799E+000
       881     1.0648609400E+000
       882     1.0702722073E+000
       883     9.6393114328E-001
       884     8.5038214922E-001
       885     1.7993956804E+000
       886     5.2723455429E-001
       887     9.2882299423E-001
       888     1.8632861376E+000
       889     1.0044398308E+000
       890     9.4946658611E-001
       891     8.3991944790E-001
       892     1.1158503294E+000
       893     9.2675530910E-001
       894     9.7786021233E-001
       895     1.9669884443E+000
       896     9.5760893822E-001
       897     2.1478774548E+000
       898     2.0370781422E+000
       899     9.3317794800E-001
       900     8.6370748281E-001
       901     7.4583244324E-001
       902     1.4754481316E+000
       903     2.1427590847E+000
       904     2.0754959583E+000
       905     9.8059529066E-001
       906     1.0806795359E+000
       907     1.3214530945E+000
       908     7.7410256863E-001
       909     1.9950785637E+000
       910     1.1119872332E+000
       911     2.2023429871E+000
       912     2.0962409973E+000
       913     9.9033504725E-001
       914     1.0428069830E+000
       915     1.5893836021E+000
       916     2.0255806446E+000
       917     2.2092506886E+000
       918     6.1101007462E-001
       919     9.0705984831E-001
       920     1.2135215998E+000
       921     1.3580467701E+000
       922     2.0455307961E+000
       923     2.1081030369E+000
       924     2.2180738449E+000
       925     8.1016778946E-001
       926     1.0155740976E+000
       927     9.9210220575E-001
       928     1.8170409203E+000
       929     2.1338145733E+000
       930     1.8026708364E+000
       931     7.1679335833E-001
       932     8.4358453751E-001
       933     9.0606045723E-001
       934     7.3354136944E-001
       935     6.4176696539E-001
       936     2.0301413536E+000
       937     2.1423051357E+000
       938     2.2102396488E+000
       939     1.5204385519E+000
       940     5.3691655397E-001
       941     7.2873091698E-001
       942     1.0160536766E+000
       943     2.1155829430E+000
       944     1.3001897335E+000
       945     1.3674579859E+000
       946     9.8446112871E-001
       947     1.4465929270E+000
       948     1.8875226974E+000
       949     2.0651638508E+000
       950     2.1581230164E+000
       951     2.1929397583E+000
       952     1.9277801514E+000
       953     1.1827900410E+000
       954     8.9613914490E-001
       955     5.0742077827E-001
       956     7.7732092142E-001
       957     2.1311869621E+000
       958     1.5833755732E+000
       959     7.8149574995E-001
       960     1.9417933226E+000
       961     2.0617041588E+000
       962     2.1512904167E+000
       963     1.9849449396E+000
       964     1.0309828520E+000
       965     6.9756877422E-001
       966     2.1142208576E+000
       967     8.0774617195E-001
       968     1.8973743916E+000
       969     2.0785908699E+000
       970     1.9647551775E+000
       971     4.3350344896E-001
       972     2.2468018532E+000
       973     1.2606909275E+000
       974     7.5465285778E-001
       975     1.9816342592E+000
       976     2.1560201645E+000
       977     2.1305227280E+000
       978     7.9338949919E-001
       979     5.7010442019E-001
       980     2.3101890087E+000
       981     1.1283034086E+000
       982     7.9049253464E-001
       983     1.1740150452E+000
       984     2.0658233166E+000
       985     2.3011710644E+000
       986     2.0837066174E+000
       987     9.6102660894E-001
       988     5.4921287298E-001
       989     2.3976402283E+000
       990     9.8169058561E-001
       991     5.7186460495E-001
       992     8.8857662678E-001
       993     1.3635272980E+000
       994     2.1501863003E+000
       995     1.6510441303E+000
       996     2.4507331848E+000
       997     8.5330080986E-001
       998     8.0597841740E-001
       999     1.5201803446E+000
      1000     1.3372496367E+000
      1001     8.8408404589E-001
      1002     2.4931881428E+000
      1003     2.4532880783E+000
      1004     2.4774510860E+000
      1005     2.4412944317E+000
      1006     8.5108584166E-001
      1007     1.1258162260E+000
      1008     1.2767521143E+000
      1009     1.0916349888E+000
      1010     1.9420224428E+000
      1011     2.6050097942E+000
      1012     2.6283099651E+000
      1013     2.6183526516E+000
      1014     7.6931506395E-001
      1015     1.3515316248E+000
      1016     7.3787420988E-001
      1017     2.5522849560E+000
      1018     2.6558597088E+000
      1019     2.7272946835E+000
      1020     2.6110501289E+000
      1021     1.6336964369E+000
      1022     1.0327483416E+000
      1023     2.7565898895E+000
      1024     2.6809504032E+000
      1025     2.6132745743E+000
      1026     2.7105445862E+000
      1027     1.2659633160E+000
      1028     1.6726254225E+000
      1029     2.5500485897E+000
      1030     2.8465545177E+000
      1031     1.3808118105E+000
      1032     1.4211561680E+000
      1033     2.8768608570E+000
      1034     1.4104056358E+000
      1035     1.3902424574E+000
      1036     1.2237859964E+000
      1037     1.3410195112E+000
      1038     1.7689079046E+000
      1039     1.4556939602E+000
      1040     1.0853954554E+000
      1041     3.1188335419E+000
      1042     1.7744919062E+000
      1043     2.9989469051E+000
      1044     1.4504792690E+000
      1045     1.8520776033E+000
      1046     2.2331159115E+000
      1047     2.3334028721E+000
      1048     3.0344104767E+000
      1049     3.0923776627E+000
      1050     1.2993710041E+000
      1051     2.8705015182E+000
      1052     2.4544978142E+000
      1053     2.6296992302E+000
      1054     2.9872550964E+000
      1055     8.0562037230E-001
      1056     2.0927314758E+000
      1057     1.6981325150E+000
      1058     1.5334382057E+000
      1059     1.1003302336E+000
      1060     1.9891982079E+000
      1061     1.0392746925E+000
      1062     2.4508876801E+000
      1063     9.7564762831E-001
      1064     1.4003880024E+000
      1065     1.1468433142E+000
      1066     2.0411674976E+000
      1067     1.1899998188E+000
      1068     8.7415343523E-001
      1069     7.8863281012E-001
