  nc_newport_river_core_cr4_bath    v31.06 iterative         Albemarle-Pamlico Estuar
          1       1069  0.1000000E+001        1     1 FileFmtVersion:    1050624
     2.5920000000E+005          51840
         1     1.1103926849E+002
         2     2.1839645386E+002
         3     3.2022802734E+002
         4     2.2713531494E+002
         5     3.2086068726E+002
         6     2.1342433167E+002
         7     3.4319223022E+002
         8     2.1109474182E+002
         9     2.0992456055E+002
        10     9.6669998169E+000
        11     2.1416442871E+002
        12     2.1329316711E+002
        13     3.5992095947E+002
        14     2.2281716919E+002
        15     2.0945072937E+002
        16     3.2986041260E+002
        17     2.1396240234E+002
        18     3.4253631592E+002
        19     2.1312777710E+002
        20     1.5258610535E+002
        21     2.2551782227E+002
        22     3.5203759766E+002
        23     2.0489038086E+002
        24     1.4451470375E+001
        25     2.2510862732E+002
        26     1.7610264587E+002
        27     2.1151463318E+002
        28     1.2492022514E+001
        29     2.2457055664E+002
        30     2.4706958008E+002
        31     1.7997390747E+002
        32     1.5208464050E+002
        33     2.1422975159E+002
        34     2.9160433960E+002
        35     1.7086807251E+002
        36     1.5053770447E+002
        37     2.1812583923E+002
        38     2.3267280579E+002
        39     1.7936976624E+002
        40     1.8282138062E+002
        41     6.0358577728E+001
        42     2.1091496277E+002
        43     4.2989509583E+001
        44     2.2221377563E+002
        45     2.1726911926E+002
        46     1.7450253296E+002
        47     1.4480354309E+002
        48     2.1774638367E+002
        49     3.2336932373E+002
        50     4.5068935394E+001
        51     1.8986730957E+002
        52     2.3694831848E+002
        53     1.4712844849E+002
        54     2.0745037842E+002
        55     1.9181330872E+002
        56     1.6900415039E+002
        57     2.0738661194E+002
        58     1.5617497253E+002
        59     1.7609808350E+002
        60     2.1647528076E+002
        61     2.2479956055E+002
        62     1.6307333374E+002
        63     2.1316821289E+002
        64     1.7612501526E+002
        65     2.3830690002E+002
        66     1.9436054993E+002
        67     1.8943037415E+002
        68     1.7730697632E+002
        69     2.0780957031E+002
        70     1.4269819641E+002
        71     1.9585157776E+002
        72     2.1546963501E+002
        73     2.0487298584E+002
        74     1.5780464172E+002
        75     1.3733030701E+002
        76     1.7216183472E+002
        77     1.9927272034E+002
        78     3.0475787354E+002
        79     1.4298474121E+002
        80     1.8795683289E+002
        81     2.1629212952E+002
        82     1.8300369263E+002
        83     1.6948049927E+002
        84     1.8507739258E+002
        85     1.8481346130E+002
        86     1.4502273560E+002
        87     2.1353002930E+002
        88     2.0370021057E+002
        89     1.9298919678E+002
        90     1.7918609619E+002
        91     1.2886595154E+002
        92     1.8505647278E+002
        93     1.8703540039E+002
        94     2.2816180420E+002
        95     1.8187635803E+002
        96     1.7731886292E+002
        97     1.7734686279E+002
        98     1.3458743286E+002
        99     1.9345300293E+002
       100     3.3615304565E+002
       101     1.8770588684E+002
       102     1.8093495178E+002
       103     1.7909999084E+002
       104     1.6995141602E+002
       105     1.8575286865E+002
       106     2.3695970154E+002
       107     1.8258631897E+002
       108     1.8303536987E+002
       109     1.8404267883E+002
       110     3.3344699097E+002
       111     1.8238125610E+002
       112     1.7828701782E+002
       113     1.7873364258E+002
       114     1.4157077026E+002
       115     1.8870576477E+002
       116     2.1571234131E+002
       117     1.7078436279E+002
       118     3.1942282104E+002
       119     1.8686502075E+002
       120     1.3665138245E+002
       121     1.7711245728E+002
       122     1.7415419006E+002
       123     1.7224694824E+002
       124     3.0151391602E+002
       125     1.8700476074E+002
       126     1.9404069519E+002
       127     1.8232217407E+002
       128     1.8719921875E+002
       129     3.5095251465E+002
       130     1.8288050842E+002
       131     1.7808860779E+002
       132     1.7634979248E+002
       133     1.7040716553E+002
       134     2.0962733459E+002
       135     1.6773609924E+002
       136     1.6382501221E+002
       137     1.4410243988E+001
       138     1.5025392151E+002
       139     1.7208874512E+002
       140     1.7227516174E+002
       141     1.9407827759E+002
       142     1.8302569580E+002
       143     2.0807540894E+002
       144     3.3464630127E+002
       145     1.8004487610E+002
       146     1.9291203308E+002
       147     1.7426124573E+002
       148     1.8312474060E+002
       149     1.7895957947E+002
       150     1.8777536011E+002
       151     1.7463136292E+002
       152     1.9530158997E+002
       153     1.6370454407E+002
       154     1.1643654633E+002
       155     1.7280975342E+002
       156     1.7483012390E+002
       157     1.7085496521E+002
       158     1.7142526245E+002
       159     1.7292088318E+002
       160     1.7554006958E+002
       161     1.7326615906E+002
       162     6.0532670021E+000
       163     1.8685368347E+002
       164     1.8660209656E+002
       165     1.7327450562E+002
       166     1.8647561646E+002
       167     1.7340415955E+002
       168     1.9441082764E+002
       169     1.7417411804E+002
       170     1.6355287170E+002
       171     1.2074871063E+002
       172     6.5029205322E+001
       173     1.7824942017E+002
       174     1.6944291687E+002
       175     1.7186355591E+002
       176     1.7562988281E+002
       177     1.9438317871E+002
       178     1.8611100769E+002
       179     1.7873382568E+002
       180     1.7256365967E+002
       181     1.8260876465E+002
       182     2.0489544678E+002
       183     2.3985659790E+002
       184     3.2383798218E+002
       185     2.1170774841E+002
       186     2.0535876465E+002
       187     1.7580479431E+002
       188     1.7653442383E+002
       189     1.6818678284E+002
       190     1.7150202942E+002
       191     1.7894367981E+002
       192     1.7606440735E+002
       193     1.5983448792E+002
       194     1.3793713379E+002
       195     1.6125061035E+002
       196     1.1239065552E+002
       197     1.6995841980E+002
       198     3.4263214111E+002
       199     1.7015701294E+002
       200     1.6853956604E+002
       201     1.7500247192E+002
       202     1.7822546387E+002
       203     1.6806022644E+002
       204     1.8538510132E+002
       205     1.8048547363E+002
       206     1.7594776917E+002
       207     1.8137678528E+002
       208     1.8255616760E+002
       209     3.5577706909E+002
       210     3.5256607056E+002
       211     3.5026400757E+002
       212     1.8011911011E+002
       213     3.5152484131E+002
       214     1.7977488708E+002
       215     1.8083853149E+002
       216     1.7811721802E+002
       217     1.7064663696E+002
       218     1.7003359985E+002
       219     1.6798683167E+002
       220     1.6002961731E+002
       221     3.4531564331E+002
       222     1.6702984619E+002
       223     1.6710523987E+002
       224     1.6862307739E+002
       225     1.6635969543E+002
       226     1.8001174927E+002
       227     1.7615197754E+002
       228     1.8370635986E+002
       229     1.7832313538E+002
       230     1.1825457811E+000
       231     3.1209986210E+000
       232     3.2700088024E+000
       233     3.0063827038E+000
       234     1.8321505737E+002
       235     3.5888018799E+002
       236     3.5790936279E+002
       237     3.5698898315E+002
       238     3.5732501221E+002
       239     2.3870101929E+002
       240     2.1939343262E+002
       241     1.7662472534E+002
       242     1.6611132812E+002
       243     1.7705287170E+002
       244     1.6508682251E+002
       245     1.4057032776E+002
       246     1.6372082520E+002
       247     1.6473200989E+002
       248     1.6359230042E+002
       249     1.8205914307E+002
       250     1.8171464539E+002
       251     1.7990177917E+002
       252     1.7826380920E+002
       253     1.8541197205E+002
       254     6.6723089218E+000
       255     3.2194842529E+002
       256     9.1540794373E+000
       257     3.5394665527E+002
       258     5.4993529320E+000
       259     4.5335211754E+000
       260     1.0096957207E+001
       261     1.1007835865E+000
       262     7.2056829929E-001
       263     8.0728012323E-001
       264     3.5269232178E+002
       265     6.7397972107E+001
       266     7.9037156105E+000
       267     1.6310488892E+002
       268     1.6372605896E+002
       269     1.5757192993E+002
       270     1.6535588074E+002
       271     1.6385649109E+002
       272     1.6180564880E+002
       273     1.8255549622E+002
       274     1.8239256287E+002
       275     1.7586499023E+002
       276     1.7993330383E+002
       277     1.4518147469E+001
       278     1.4332717896E+001
       279     1.4885117531E+001
       280     1.9388891220E+001
       281     7.3664488792E+000
       282     4.0788636208E+000
       283     9.4184417725E+000
       284     7.0124349594E+000
       285     6.0888681412E+000
       286     8.5059518814E+000
       287     1.3369631767E+001
       288     2.6764131546E+001
       289     2.3445642471E+001
       290     1.6107765198E+002
       291     1.6214450073E+002
       292     1.5965341187E+002
       293     1.6177508545E+002
       294     1.6403843689E+002
       295     1.5934336853E+002
       296     1.0712835693E+002
       297     1.5939704895E+002
       298     8.1274204254E+000
       299     1.6024432373E+002
       300     2.2372524261E+001
       301     1.4878437042E+001
       302     2.0941150665E+001
       303     7.2309994698E+000
       304     9.3372621536E+000
       305     8.5965719223E+000
       306     1.1369172096E+001
       307     8.6024770737E+000
       308     8.7254829407E+000
       309     1.6491561890E+001
       310     1.8577054977E+001
       311     2.1301275253E+001
       312     2.2413833618E+001
       313     1.6209368896E+002
       314     1.6073908997E+002
       315     1.5757743835E+002
       316     1.5680395508E+002
       317     1.1699813080E+002
       318     1.6055787659E+002
       319     1.5863642883E+002
       320     1.1585655212E+001
       321     2.2962650299E+001
       322     1.4439210892E+001
       323     1.1109471321E+001
       324     1.0051606178E+001
       325     1.2259445190E+001
       326     1.5212244034E+001
       327     1.1041917801E+001
       328     9.1662340164E+000
       329     1.9729337692E+001
       330     2.1088582993E+001
       331     2.3738563538E+001
       332     1.9093458176E+001
       333     1.5778326416E+002
       334     1.6174354553E+002
       335     1.4589495850E+002
       336     1.5495190430E+002
       337     1.5574185181E+002
       338     1.5688449097E+002
       339     9.7716093063E+000
       340     1.2893218040E+001
       341     1.9536903381E+002
       342     1.5906874084E+002
       343     1.6883649826E+001
       344     9.3247156143E+000
       345     2.9241073132E+000
       346     2.1214431763E+001
       347     1.8848501205E+001
       348     1.1798736572E+001
       349     2.7996432781E+000
       350     3.4329383373E+000
       351     3.3597595215E+002
       352     1.5643511963E+002
       353     1.5578309631E+002
       354     1.5288516235E+002
       355     1.1750698090E+002
       356     2.1857206726E+002
       357     3.5664105225E+002
       358     3.0358176231E+000
       359     1.5323767090E+002
       360     1.8684457779E+001
       361     1.9802215576E+002
       362     3.9742567539E+000
       363     2.1685039520E+001
       364     1.4564144135E+001
       365     1.0195886612E+001
       366     1.5652506828E+001
       367     4.2350177765E+000
       368     3.3837757111E+000
       369     1.9730888367E+002
       370     3.3983905029E+002
       371     1.8288182068E+002
       372     3.5518472290E+002
       373     3.4215795898E+002
       374     3.5376580811E+002
       375     3.4810760498E+002
       376     3.5000863647E+002
       377     3.5171383667E+002
       378     1.5422157288E+002
       379     1.5063043213E+002
       380     3.3953576660E+002
       381     3.4976229858E+002
       382     4.9325866699E+000
       383     6.5551242828E+000
       384     3.2761825562E+002
       385     7.5704421997E+000
       386     1.6567796326E+002
       387     1.2172666550E+001
       388     1.5339913940E+002
       389     2.7876392365E+001
       390     1.9125456238E+002
       391     1.9040594482E+002
       392     2.3466346741E+001
       393     1.6219057083E+001
       394     3.3185338974E+000
       395     6.3798780441E+000
       396     1.8928089905E+002
       397     1.9009489441E+002
       398     1.0020319939E+001
       399     7.3891100883E+000
       400     9.3410911560E+000
       401     8.8837432861E+000
       402     1.0808234215E+001
       403     7.4805297852E+000
       404     4.3297810555E+000
       405     1.5016113281E+002
       406     1.1272299194E+002
       407     1.3352007866E+001
       408     2.6324272156E+001
       409     1.8767738342E+001
       410     1.1719517708E+001
       411     3.1365438843E+002
       412     1.1718802452E+001
       413     7.5859265327E+000
       414     4.1095576286E+000
       415     1.5189723206E+002
       416     1.5232029724E+002
       417     1.8610395813E+002
       418     1.8323858643E+002
       419     1.8397456360E+002
       420     1.0177889824E+001
       421     1.2577538490E+001
       422     1.8789489746E+002
       423     9.4288225174E+000
       424     1.2123811722E+001
       425     1.0753822327E+001
       426     5.6744527817E+000
       427     7.0352106094E+000
       428     6.6306452751E+000
       429     1.4901380920E+002
       430     1.4875189209E+002
       431     1.3346773148E+001
       432     3.5876849365E+002
       433     2.2900196838E+002
       434     2.1568187714E+001
       435     8.6494941711E+000
       436     7.5079579353E+000
       437     1.9466815948E+001
       438     4.1362099648E+000
       439     4.1033325195E+000
       440     7.2477788925E+000
       441     1.5168127441E+002
       442     1.7504804993E+002
       443     1.8012629700E+002
       444     1.8151223755E+002
       445     1.6029870987E+001
       446     1.8614123535E+002
       447     1.2431728363E+001
       448     1.7301958084E+001
       449     1.4008675575E+001
       450     9.5699348450E+000
       451     1.0419377327E+001
       452     1.4980247498E+002
       453     1.4408935547E+002
       454     2.0320249557E+001
       455     1.7508714676E+001
       456     1.5972088814E+001
       457     3.5198678589E+002
       458     1.5018491745E+001
       459     6.0167140961E+000
       460     7.9622368813E+000
       461     1.3165472031E+001
       462     1.1297426224E+001
       463     1.0082336426E+001
       464     1.2192720413E+001
       465     1.5252752686E+002
       466     1.7738076782E+002
       467     1.7702099609E+002
       468     1.8010957336E+002
       469     2.1782609940E+001
       470     1.7821010590E+001
       471     2.1933704376E+001
       472     1.7995487213E+001
       473     1.4771304131E+001
       474     1.3729557991E+001
       475     1.5105548096E+002
       476     1.4933374023E+002
       477     2.1644742966E+001
       478     1.8894237518E+001
       479     2.2315240860E+001
       480     5.5443277359E+000
       481     6.5099792480E+000
       482     3.3845343018E+002
       483     3.4006359863E+002
       484     1.0840567589E+001
       485     1.1661477089E+001
       486     1.4254919052E+001
       487     1.2871213913E+001
       488     1.3635529518E+001
       489     1.4652222633E+001
       490     1.7164030457E+002
       491     1.7407060242E+002
       492     1.7642958069E+002
       493     1.7905389404E+002
       494     2.1101175308E+001
       495     2.6260059357E+001
       496     1.9753232956E+001
       497     1.8635385513E+001
       498     1.5234667969E+002
       499     1.5434512329E+002
       500     1.3576431274E+002
       501     2.0584800720E+001
       502     2.2819961548E+001
       503     1.8887434006E+001
       504     1.7289775848E+001
       505     2.2546028137E+001
       506     2.0916196823E+001
       507     2.1603023529E+001
       508     1.1809334755E+001
       509     1.6048139572E+001
       510     1.6357130051E+001
       511     1.2105032921E+001
       512     1.7649991989E+001
       513     1.9353202820E+001
       514     1.4930776978E+002
       515     1.7226843262E+002
       516     1.7501628113E+002
       517     1.7620262146E+002
       518     2.5287294388E+001
       519     2.8404489517E+001
       520     2.4018331528E+001
       521     1.5128950500E+002
       522     1.4990098572E+002
       523     2.0801826477E+001
       524     1.6847423553E+001
       525     2.2003335953E+001
       526     1.5829765320E+001
       527     1.2294450760E+001
       528     1.3885367393E+001
       529     1.3080595016E+001
       530     1.8170028687E+001
       531     1.7654745102E+001
       532     1.7741603851E+001
       533     1.9212421417E+001
       534     1.7837049484E+001
       535     2.2598966599E+001
       536     2.1757064819E+001
       537     2.3773920059E+001
       538     1.4894602966E+002
       539     1.7129460144E+002
       540     1.7338493347E+002
       541     2.9300651550E+001
       542     2.7141626358E+001
       543     2.5916133881E+001
       544     1.5261114502E+002
       545     1.5581820679E+002
       546     1.5535965919E+001
       547     2.1220361710E+001
       548     1.6900556564E+001
       549     1.5952449799E+001
       550     1.4003563881E+001
       551     1.6538166046E+001
       552     1.5732039452E+001
       553     1.8759450912E+001
       554     1.5643209457E+001
       555     1.9129383087E+001
       556     2.0344623566E+001
       557     2.0798627853E+001
       558     2.4319734573E+001
       559     2.4453306198E+001
       560     2.6517742157E+001
       561     1.7074499512E+002
       562     1.7162567139E+002
       563     3.2098999023E+001
       564     3.0272613525E+001
       565     2.9187368393E+001
       566     1.5603486633E+002
       567     1.5662208557E+002
       568     2.1754259109E+001
       569     2.2370527267E+001
       570     2.8996555328E+001
       571     1.9219203949E+001
       572     1.7927618027E+001
       573     2.0033935547E+001
       574     2.2738267899E+001
       575     1.7643808365E+001
       576     1.8145599365E+001
       577     2.0170850754E+001
       578     2.2321769714E+001
       579     2.0708892822E+001
       580     2.2710741043E+001
       581     2.3698808670E+001
       582     2.6944564819E+001
       583     2.6523326874E+001
       584     2.9001485825E+001
       585     1.7068077087E+002
       586     1.7023437500E+002
       587     1.7143661499E+002
       588     2.9890174866E+001
       589     1.5783384705E+002
       590     1.5258764648E+002
       591     2.6248895645E+001
       592     2.1314884186E+001
       593     2.5396537781E+001
       594     2.6690345764E+001
       595     2.3093006134E+001
       596     2.3564620972E+001
       597     2.5258880615E+001
       598     2.5758586884E+001
       599     2.5036115646E+001
       600     2.1654151917E+001
       601     2.3480846405E+001
       602     2.3628849030E+001
       603     2.6384866714E+001
       604     2.6089063644E+001
       605     2.8736389160E+001
       606     2.8448369980E+001
       607     2.7931425095E+001
       608     2.9636144638E+001
       609     1.5629368591E+002
       610     1.6997065735E+002
       611     2.9919523239E+001
       612     1.5338436890E+002
       613     1.5314086914E+002
       614     2.2160697937E+001
       615     2.5307241440E+001
       616     2.5767847061E+001
       617     3.0808012009E+001
       618     3.1437576294E+001
       619     2.5927642822E+001
       620     2.5746856689E+001
       621     2.4917514801E+001
       622     2.5013137817E+001
       623     2.5662364960E+001
       624     2.7213539124E+001
       625     2.8110570908E+001
       626     2.7271213531E+001
       627     2.6303325653E+001
       628     2.5520154953E+001
       629     2.7692672729E+001
       630     3.0183769226E+001
       631     2.9547193527E+001
       632     2.9343904495E+001
       633     3.1364511490E+001
       634     1.5208366394E+002
       635     1.5182882690E+002
       636     1.5428271484E+002
       637     1.4821231079E+002
       638     2.8258195877E+001
       639     2.8614482880E+001
       640     3.0276220322E+001
       641     3.3537666321E+001
       642     3.3927715302E+001
       643     2.7941888809E+001
       644     2.9139091492E+001
       645     3.0187723160E+001
       646     3.1150081635E+001
       647     2.7532434464E+001
       648     3.2804534912E+001
       649     2.9302335739E+001
       650     2.8968029022E+001
       651     2.8142835617E+001
       652     2.8695772171E+001
       653     2.9465908051E+001
       654     3.0973140717E+001
       655     3.1153238297E+001
       656     3.0030605316E+001
       657     3.1501375198E+001
       658     1.5415513611E+002
       659     1.5458776855E+002
       660     1.4963340759E+002
       661     2.9187904358E+001
       662     3.0744306564E+001
       663     3.1114793777E+001
       664     3.3952060699E+001
       665     3.4222114563E+001
       666     3.4821098328E+001
       667     3.5816940308E+001
       668     3.1861557007E+001
       669     3.5147167206E+001
       670     3.2858749390E+001
       671     3.2406623840E+001
       672     3.4945960999E+001
       673     2.9788738251E+001
       674     3.1569683075E+001
       675     3.1481227875E+001
       676     2.9479043961E+001
       677     2.9962463379E+001
       678     3.0219202042E+001
       679     3.1194198608E+001
       680     3.1340234756E+001
       681     3.0566764832E+001
       682     3.2194885254E+001
       683     1.5493666077E+002
       684     9.8584922791E+001
       685     1.5027995300E+002
       686     1.4884916687E+002
       687     3.4074069977E+001
       688     3.2918735504E+001
       689     2.7691127777E+001
       690     3.4093734741E+001
       691     3.4790870667E+001
       692     3.4722217560E+001
       693     3.4603134155E+001
       694     3.4009952545E+001
       695     3.3275928497E+001
       696     3.5074756622E+001
       697     3.5670356750E+001
       698     3.3487159729E+001
       699     3.4983104706E+001
       700     3.1888002396E+001
       701     3.4027927399E+001
       702     3.0820247650E+001
       703     3.1991416931E+001
       704     3.0287385941E+001
       705     3.2024059296E+001
       706     3.2231800079E+001
       707     3.1828310013E+001
       708     3.4386642456E+001
       709     1.4026809692E+002
       710     1.4766061401E+002
       711     4.4742149353E+001
       712     3.5261268616E+001
       713     7.7688095093E+001
       714     2.0974809647E+001
       715     3.9133846283E+001
       716     3.9545093536E+001
       717     5.5140663147E+001
       718     3.2180656433E+001
       719     2.7740461349E+001
       720     2.9873235703E+001
       721     3.2907524109E+001
       722     3.4204998016E+001
       723     3.1935405731E+001
       724     3.2160305023E+001
       725     3.5549110413E+001
       726     3.5440464020E+001
       727     3.5351402283E+001
       728     3.6538433075E+001
       729     3.4757167816E+001
       730     3.5761161804E+001
       731     3.1876026154E+001
       732     3.4275585175E+001
       733     3.2757312775E+001
       734     3.2796577454E+001
       735     3.4523429871E+001
       736     3.9391689301E+001
       737     3.5969272614E+001
       738     3.3408851624E+001
       739     4.2632877350E+001
       740     5.2548023224E+001
       741     4.1328968048E+001
       742     3.2608741760E+001
       743     3.1016473770E+001
       744     3.2170696259E+001
       745     3.4473712921E+001
       746     3.2822692871E+001
       747     3.2309673309E+001
       748     3.5861755371E+001
       749     3.7268756866E+001
       750     3.6387886047E+001
       751     3.6194126129E+001
       752     3.6906345367E+001
       753     3.7889324188E+001
       754     4.8977638245E+001
       755     3.7263580322E+001
       756     3.5023387909E+001
       757     3.5570152283E+001
       758     3.9121700287E+001
       759     3.5903705597E+001
       760     3.3649772644E+001
       761     3.4032852173E+001
       762     3.4056690216E+001
       763     3.4806606293E+001
       764     3.8270545959E+001
       765     3.7699844360E+001
       766     3.7462852478E+001
       767     3.7060321808E+001
       768     3.6545738220E+001
       769     6.7704750061E+001
       770     3.8148166656E+001
       771     3.3895515442E+001
       772     3.1380008698E+001
       773     3.3789058685E+001
       774     3.3898666382E+001
       775     3.2943168640E+001
       776     3.7548042297E+001
       777     3.4663818359E+001
       778     3.6047691345E+001
       779     3.7409202576E+001
       780     3.8536056519E+001
       781     3.9820289612E+001
       782     4.1164928436E+001
       783     4.3709186554E+001
       784     6.2462596893E+001
       785     1.5248478699E+002
       786     4.0065593719E+001
       787     3.0228826523E+001
       788     3.5350227356E+001
       789     4.4709045410E+001
       790     1.1352030182E+002
       791     3.2961894989E+001
       792     3.8841899872E+001
       793     3.4390617371E+001
       794     3.7433849335E+001
       795     4.1420276642E+001
       796     4.0534744263E+001
       797     4.3555225372E+001
       798     1.7314164734E+002
       799     1.7867892456E+002
       800     6.6501174927E+001
       801     4.1694232941E+001
       802     3.4003749847E+001
       803     1.3021578979E+002
       804     2.8953727722E+001
       805     7.0298782349E+001
       806     3.5774478912E+001
       807     4.1148384094E+001
       808     3.9375381470E+001
       809     4.1999210358E+001
       810     4.0228199005E+001
       811     2.9545639038E+001
       812     4.2660896301E+001
       813     2.8443216324E+001
       814     1.4532322693E+002
       815     3.6437110901E+001
       816     3.5428623199E+001
       817     3.8822380066E+001
       818     3.5757297516E+001
       819     3.2359230042E+001
       820     3.9768825531E+001
       821     3.8979187012E+001
       822     9.2529663086E+001
       823     2.1669742584E+001
       824     3.1465020752E+002
       825     2.3880701065E+001
       826     3.7107959747E+001
       827     3.8539253235E+001
       828     3.5684219360E+001
       829     3.3309867859E+001
       830     3.8676193237E+001
       831     1.4140571594E+002
       832     2.0993936539E+001
       833     1.0664081573E+002
       834     3.3087631226E+002
       835     2.9921424866E+001
       836     3.2197216034E+001
       837     3.9943256378E+001
       838     3.8124141693E+001
       839     1.4963157654E+002
       840     2.5653961182E+001
       841     1.4379699707E+001
       842     1.7111724854E+002
       843     1.2275970459E+001
       844     1.8563714981E+001
       845     3.1431808472E+001
       846     2.7547901154E+001
       847     3.1149326324E+001
       848     1.2211001587E+002
       849     2.2290847778E+001
       850     1.6671951294E+001
       851     1.5856304932E+002
       852     2.3041162491E+001
       853     1.9013395309E+001
       854     1.4015534401E+001
       855     2.2136220932E+001
       856     1.5574833679E+002
       857     1.3564146996E+001
       858     1.1156015396E+001
       859     1.9084005356E+001
       860     1.6460334778E+002
       861     9.6177368164E+000
       862     2.2615810394E+001
       863     5.9106249809E+000
       864     1.6045124817E+002
       865     1.2975704193E+001
       866     1.7338378906E+001
       867     1.7269060135E+001
       868     2.2220895767E+001
       869     1.5354070663E+001
       870     1.5818348694E+002
       871     1.1337496758E+001
       872     3.2664877319E+002
       873     2.0039097595E+002
       874     5.9775586128E+000
       875     1.4869095087E+000
       876     1.6637464905E+002
       877     1.6331735611E+001
       878     8.6355697632E+001
       879     1.0840798378E+001
       880     5.2131977081E+000
       881     3.7052185059E+001
       882     1.4617491150E+002
       883     1.3745706558E+001
       884     1.7496031189E+002
       885     3.5946234131E+002
       886     3.0453674316E+002
       887     1.4935346603E+001
       888     5.8788852692E+000
       889     1.5881808281E+001
       890     1.7059942627E+002
       891     1.6267108917E+001
       892     1.5703103065E+001
       893     1.4338535309E+001
       894     1.7141870117E+002
       895     1.8093602657E+000
       896     3.3612289429E+002
       897     7.8731527328E+000
       898     5.2690153122E+000
       899     1.8929521561E+001
       900     1.3377176285E+001
       901     1.8271870422E+002
       902     1.3699850464E+002
       903     1.0014364243E+001
       904     1.1597380638E+001
       905     2.7561977386E+001
       906     1.6602590942E+002
       907     1.6952899170E+002
       908     1.7218405151E+002
       909     3.8498940468E+000
       910     3.4176644897E+002
       911     6.2417969704E+000
       912     4.3229665756E+000
       913     2.3417406082E+001
       914     1.0651914215E+002
       915     1.8741310120E+002
       916     1.2833331108E+001
       917     9.3091487885E+000
       918     3.5407971191E+002
       919     1.2963153839E+001
       920     1.6643185425E+002
       921     1.6733511353E+002
       922     3.2679197788E+000
       923     2.4824202061E+000
       924     6.4888916016E+000
       925     2.6431941986E+001
       926     1.2465239716E+002
       927     1.7032385254E+002
       928     1.4220549583E+001
       929     1.0210400581E+001
       930     3.4861108398E+002
       931     3.5407269287E+002
       932     3.5146707153E+002
       933     2.5674249649E+001
       934     1.6406829834E+002
       935     9.4841270447E+000
       936     2.6410990953E-001
       937     2.6185324192E+000
       938     6.7486338615E+000
       939     1.7796539307E+001
       940     2.9692886353E+001
       941     1.0618245697E+002
       942     1.8694705200E+002
       943     1.1443550110E+001
       944     2.6936781406E+000
       945     4.4563140869E+000
       946     1.6778262329E+002
       947     3.4259164429E+002
       948     3.5861337280E+002
       949     7.6710116863E-001
       950     4.3035917282E+000
       951     8.2316741943E+000
       952     1.5258187294E+001
       953     1.6029323578E+001
       954     1.8077394485E+001
       955     7.9031562805E+000
       956     1.7038938904E+002
       957     1.0286508560E+001
       958     3.3877713013E+002
       959     1.8199528503E+002
       960     3.4213012695E+002
       961     3.1113307476E+000
       962     6.3471469879E+000
       963     1.0975039482E+001
       964     1.8267620087E+001
       965     1.7049455261E+002
       966     9.7983236313E+000
       967     1.8820619202E+002
       968     3.5677435303E+002
       969     5.1330070496E+000
       970     1.7085314941E+002
       971     1.6705720520E+002
       972     1.7218623352E+002
       973     1.3721308899E+002
       974     3.1850216675E+002
       975     1.7726551819E+002
       976     1.7839921570E+002
       977     1.7254367065E+002
       978     1.1054217529E+002
       979     1.6038551331E+002
       980     1.7476533508E+002
       981     1.7881912231E+002
       982     3.1574139404E+002
       983     1.3967362976E+002
       984     1.7938043213E+002
       985     1.7765347290E+002
       986     1.7376394653E+002
       987     1.4851210022E+002
       988     1.5040409851E+002
       989     1.7492530823E+002
       990     1.7083654785E+002
       991     2.0667221069E+002
       992     1.1137124634E+002
       993     1.8237467957E+002
       994     1.7901976013E+002
       995     1.7361381531E+002
       996     1.7751275635E+002
       997     1.6841322327E+002
       998     2.1227621460E+002
       999     1.3355033875E+002
      1000     1.9291572571E+002
      1001     1.3692782593E+002
      1002     1.7943264771E+002
      1003     1.7631132507E+002
      1004     1.7421946716E+002
      1005     1.8545051575E+002
      1006     2.1805375671E+002
      1007     1.3879078674E+002
      1008     1.2534333801E+002
      1009     1.8795164490E+002
      1010     1.7283801270E+002
      1011     1.7845320129E+002
      1012     1.7759815979E+002
      1013     1.8323512268E+002
      1014     2.2053713989E+002
      1015     1.7261837769E+002
      1016     2.2835939026E+002
      1017     1.7362487793E+002
      1018     1.8151152039E+002
      1019     1.8044908142E+002
      1020     1.8817921448E+002
      1021     1.7108837891E+002
      1022     2.2860014343E+002
      1023     1.8143426514E+002
      1024     1.8319380188E+002
      1025     1.8779335022E+002
      1026     1.8183656311E+002
      1027     1.5237036133E+002
      1028     1.9607165527E+002
      1029     1.8439830017E+002
      1030     1.8539521790E+002
      1031     1.6675277710E+002
      1032     1.9188507080E+002
      1033     1.8695277405E+002
      1034     1.7280380249E+002
      1035     2.2518623352E+002
      1036     1.7993612671E+002
      1037     2.2745631409E+002
      1038     2.3325401306E+002
      1039     2.2862774658E+002
      1040     1.6532250977E+002
      1041     2.0981224060E+002
      1042     2.2647598267E+002
      1043     2.1066441345E+002
      1044     1.6744564819E+002
      1045     2.2259284973E+002
      1046     2.2532595825E+002
      1047     2.0530635071E+002
      1048     1.9850350952E+002
      1049     2.0063919067E+002
      1050     1.5166253662E+002
      1051     2.0168623352E+002
      1052     1.9698196411E+002
      1053     1.9561401367E+002
      1054     1.9805838013E+002
      1055     4.1545185089E+001
      1056     1.9548219299E+002
      1057     1.7321009827E+002
      1058     2.2035340881E+002
      1059     3.1031634521E+002
      1060     2.2998016357E+002
      1061     3.1027938843E+002
      1062     2.3659884644E+002
      1063     3.0972216797E+002
      1064     2.2753660583E+002
      1065     2.9315618896E+002
      1066     2.1695108032E+002
      1067     2.8232940674E+002
      1068     1.6236407471E+002
      1069     3.4274299622E+001
