  nc_newport_river_core_cr4_bath    v31.06 iterative         Albemarle-Pamlico Estuar
          1       1069  0.1000000E+001        1     1 FileFmtVersion:    1050624
     2.5920000000E+005          51840
         1     3.0767135620E+000
         2     4.4099006653E+000
         3     4.4340181351E+000
         4     4.7574963570E+000
         5     4.6418218613E+000
         6     4.4838786125E+000
         7     4.3367714882E+000
         8     5.0471467972E+000
         9     4.9769549370E+000
        10     4.1192598343E+000
        11     5.2393584251E+000
        12     4.8189673424E+000
        13     4.0193004608E+000
        14     5.3501195908E+000
        15     5.3668966293E+000
        16     4.4575338364E+000
        17     4.6988091469E+000
        18     4.7640266418E+000
        19     4.7517428398E+000
        20     3.5250115395E+000
        21     4.7809715271E+000
        22     4.8837432861E+000
        23     4.5412001610E+000
        24     3.5607116222E+000
        25     5.1877727509E+000
        26     5.0791978836E+000
        27     4.4996008873E+000
        28     3.2217185497E+000
        29     5.1886138916E+000
        30     5.1077427864E+000
        31     4.7848935127E+000
        32     4.7723631859E+000
        33     5.2444887161E+000
        34     4.6687040329E+000
        35     4.8526287079E+000
        36     4.8461570740E+000
        37     5.2173566818E+000
        38     5.1767978668E+000
        39     6.1714224815E+000
        40     4.7686009407E+000
        41     2.9035117626E+000
        42     4.7713127136E+000
        43     4.2927989960E+000
        44     5.0011754036E+000
        45     6.4525008202E+000
        46     6.2731618881E+000
        47     5.5034408569E+000
        48     5.2477293015E+000
        49     3.2302889824E+000
        50     4.0059714317E+000
        51     5.0794267654E+000
        52     5.0342111588E+000
        53     4.9067153931E+000
        54     6.3174571991E+000
        55     6.3526587486E+000
        56     6.2938442230E+000
        57     5.2724361420E+000
        58     5.5711817741E+000
        59     5.4886507988E+000
        60     4.2948732376E+000
        61     3.3796417713E+000
        62     2.8395545483E+000
        63     4.8124537468E+000
        64     4.5069751740E+000
        65     5.6749954224E+000
        66     6.1521844864E+000
        67     6.3269119263E+000
        68     6.2895760536E+000
        69     5.6360011101E+000
        70     5.7312397957E+000
        71     5.9447793961E+000
        72     4.6322183609E+000
        73     3.1538066864E+000
        74     4.2925157547E+000
        75     4.5930237770E+000
        76     5.0140123367E+000
        77     4.3576836586E+000
        78     3.9126758575E+000
        79     4.8282375336E+000
        80     6.0012297630E+000
        81     5.9787254333E+000
        82     6.2537364960E+000
        83     6.1195731163E+000
        84     5.8487071991E+000
        85     6.0554094315E+000
        86     5.7211503983E+000
        87     5.7007989883E+000
        88     4.3102154732E+000
        89     4.0358877182E+000
        90     3.8406796455E+000
        91     4.4335279465E+000
        92     5.9755692482E+000
        93     5.6037468910E+000
        94     5.3689332008E+000
        95     6.2599029541E+000
        96     6.2879219055E+000
        97     5.9497342110E+000
        98     5.6765909195E+000
        99     5.9419941902E+000
       100     2.9006323814E+000
       101     4.2669200897E+000
       102     6.1769371033E+000
       103     4.5594263077E+000
       104     6.2855987549E+000
       105     4.2557735443E+000
       106     4.5817260742E+000
       107     5.9089698792E+000
       108     5.6505751610E+000
       109     5.1219120026E+000
       110     4.6114821434E+000
       111     6.3127579689E+000
       112     6.2526416779E+000
       113     6.0648136139E+000
       114     6.0643858910E+000
       115     5.9297237396E+000
       116     4.6178689003E+000
       117     5.6005749702E+000
       118     3.0497488976E+000
       119     5.1349968910E+000
       120     4.9066920280E+000
       121     6.1908330917E+000
       122     5.4629073143E+000
       123     6.2045125961E+000
       124     3.3952436447E+000
       125     3.8362238407E+000
       126     4.0807523727E+000
       127     4.5673909187E+000
       128     5.4137601852E+000
       129     5.0899796486E+000
       130     6.1491923332E+000
       131     6.3025860786E+000
       132     5.9865727425E+000
       133     5.8971180916E+000
       134     5.4860692024E+000
       135     5.9417610168E+000
       136     5.7016134262E+000
       137     4.0161199570E+000
       138     4.9339570999E+000
       139     6.1750473976E+000
       140     5.5728230476E+000
       141     4.5993824005E+000
       142     4.7323579788E+000
       143     3.9347028732E+000
       144     3.8515346050E+000
       145     4.7568340302E+000
       146     3.5401875973E+000
       147     6.2673106194E+000
       148     6.2388715744E+000
       149     6.3215465546E+000
       150     6.1898608208E+000
       151     5.8811483383E+000
       152     5.7190155983E+000
       153     5.8176355362E+000
       154     5.5605950356E+000
       155     5.1969628334E+000
       156     5.6645870209E+000
       157     6.2048897743E+000
       158     5.7366924286E+000
       159     4.7793474197E+000
       160     4.8009009361E+000
       161     4.7774667740E+000
       162     4.2608737946E+000
       163     6.2142791748E+000
       164     6.2484526634E+000
       165     6.2702078819E+000
       166     6.2611751556E+000
       167     5.7711119652E+000
       168     5.7775039673E+000
       169     5.8099651337E+000
       170     5.9295277596E+000
       171     5.7674045563E+000
       172     3.8163805008E+000
       173     5.7833147049E+000
       174     6.1131391525E+000
       175     5.5743288994E+000
       176     6.0602245331E+000
       177     6.1524152756E+000
       178     6.1348929405E+000
       179     6.2303037643E+000
       180     6.1296386719E+000
       181     6.1678271294E+000
       182     6.0169863701E+000
       183     2.3585219383E+000
       184     5.8260989189E+000
       185     5.7918710709E+000
       186     4.5305271149E+000
       187     5.7278981209E+000
       188     5.8280806541E+000
       189     5.8673143387E+000
       190     5.8607807159E+000
       191     5.7747387886E+000
       192     5.7838540077E+000
       193     5.9347648621E+000
       194     4.3246383667E+000
       195     5.8205280304E+000
       196     4.0385770798E+000
       197     3.5036923885E+000
       198     4.0522589684E+000
       199     5.9586114883E+000
       200     5.8910560608E+000
       201     5.8332395554E+000
       202     6.0140681267E+000
       203     5.9236936569E+000
       204     5.9872341156E+000
       205     6.1389670372E+000
       206     6.1192712784E+000
       207     6.0622963905E+000
       208     5.8129191399E+000
       209     2.6231713295E+000
       210     5.7826352119E+000
       211     5.7437715530E+000
       212     5.5744814873E+000
       213     5.7546467781E+000
       214     5.7383618355E+000
       215     5.8999986649E+000
       216     5.8841080666E+000
       217     5.7440242767E+000
       218     5.7772188187E+000
       219     3.6445415020E+000
       220     5.7307929993E+000
       221     3.7365419865E+000
       222     5.7448959351E+000
       223     5.8875107765E+000
       224     5.8903117180E+000
       225     5.8743300438E+000
       226     5.9238262177E+000
       227     5.9263639450E+000
       228     5.7755503654E+000
       229     5.7145867348E+000
       230     2.7856192589E+000
       231     2.8362488747E+000
       232     5.7883148193E+000
       233     2.9722692966E+000
       234     5.5641517639E+000
       235     5.8901963234E+000
       236     5.8970084190E+000
       237     5.9132685661E+000
       238     3.5152304173E+000
       239     2.6041622162E+000
       240     2.5722239017E+000
       241     5.8095555305E+000
       242     5.8105001450E+000
       243     5.8296742439E+000
       244     5.6719946861E+000
       245     4.1607885361E+000
       246     5.3613576889E+000
       247     5.6534457207E+000
       248     5.7661843300E+000
       249     5.7937479019E+000
       250     5.6906256676E+000
       251     5.7563252449E+000
       252     5.7568979263E+000
       253     2.9799969196E+000
       254     3.1343209743E+000
       255     2.3765754700E+000
       256     3.4791111946E+000
       257     3.5386257172E+000
       258     5.7697620392E+000
       259     5.7731356621E+000
       260     3.4018166065E+000
       261     6.1508159637E+000
       262     6.1368455887E+000
       263     6.1991329193E+000
       264     3.7228219509E+000
       265     3.2363600731E+000
       266     2.7023835182E+000
       267     5.7164797783E+000
       268     5.7196702957E+000
       269     4.6491141319E+000
       270     4.7783031464E+000
       271     5.1995158195E+000
       272     5.4310369492E+000
       273     5.5276226997E+000
       274     5.6902923584E+000
       275     5.6695423126E+000
       276     5.6577277184E+000
       277     2.8796637058E+000
       278     3.2172563076E+000
       279     3.1706018448E+000
       280     3.2331132889E+000
       281     5.8835234642E+000
       282     6.1050753593E+000
       283     6.0247316360E+000
       284     6.1322598457E+000
       285     6.1647577286E+000
       286     6.0673656464E+000
       287     3.3322894573E+000
       288     2.9411547184E+000
       289     3.0755727291E+000
       290     5.4944849014E+000
       291     5.3623967171E+000
       292     4.3529753685E+000
       293     4.7398362160E+000
       294     5.1000061035E+000
       295     3.9770817757E+000
       296     4.4811468124E+000
       297     5.1962118149E+000
       298     5.8290805817E+000
       299     5.4856848717E+000
       300     2.7281723022E+000
       301     6.0722360611E+000
       302     2.8195731640E+000
       303     6.0780606270E+000
       304     6.1776928902E+000
       305     6.1464371681E+000
       306     5.9862265587E+000
       307     6.1398186684E+000
       308     6.1643118858E+000
       309     3.3018355370E+000
       310     2.5019118786E+000
       311     3.1101953983E+000
       312     3.2016596794E+000
       313     5.3195328712E+000
       314     5.1060791016E+000
       315     4.2998752594E+000
       316     4.6870703697E+000
       317     4.2541184425E+000
       318     5.2646126747E+000
       319     5.2705392838E+000
       320     5.8864207268E+000
       321     2.6353363991E+000
       322     6.1779375076E+000
       323     6.1412844658E+000
       324     6.2019619942E+000
       325     6.2397942543E+000
       326     6.0495033264E+000
       327     6.2501807213E+000
       328     6.2038788795E+000
       329     2.8173878193E+000
       330     2.7835905552E+000
       331     3.2448565960E+000
       332     2.3693809509E+000
       333     5.0800528526E+000
       334     4.7453742027E+000
       335     3.7216551304E+000
       336     5.0890197754E+000
       337     5.1568088531E+000
       338     5.3420410156E+000
       339     2.9304246902E+000
       340     6.1612958908E+000
       341     5.9949922562E+000
       342     5.2949314117E+000
       343     6.2138772011E+000
       344     6.3236536980E+000
       345     6.2226848602E+000
       346     2.5168433189E+000
       347     3.1692774296E+000
       348     2.9112393856E+000
       349     4.3413419724E+000
       350     4.5180840492E+000
       351     2.7901937962E+000
       352     4.7374081612E+000
       353     4.6981887817E+000
       354     3.8017499447E+000
       355     3.7698907852E+000
       356     2.4049944878E+000
       357     2.4368209839E+000
       358     2.0222227573E+000
       359     4.6608109474E+000
       360     5.7034697533E+000
       361     5.8155884743E+000
       362     6.1793398857E+000
       363     6.0577745438E+000
       364     6.3261504173E+000
       365     6.3843789101E+000
       366     2.3149755001E+000
       367     5.0434827805E+000
       368     5.0525512695E+000
       369     5.7470211983E+000
       370     5.2445712090E+000
       371     4.0206212997E+000
       372     5.5729742050E+000
       373     2.1861674786E+000
       374     2.0052139759E+000
       375     2.1051824093E+000
       376     5.5083417892E+000
       377     5.6410012245E+000
       378     4.4629387856E+000
       379     4.1987218857E+000
       380     2.4860045910E+000
       381     2.6810390949E+000
       382     2.4163498878E+000
       383     2.6077017784E+000
       384     2.4632031918E+000
       385     2.7739341259E+000
       386     2.9573118687E+000
       387     1.8784388304E+000
       388     4.2367854118E+000
       389     5.8308763504E+000
       390     5.8674211502E+000
       391     6.0269007683E+000
       392     6.2382006645E+000
       393     6.4144506454E+000
       394     5.2914643288E+000
       395     5.3970675468E+000
       396     5.6381306648E+000
       397     5.8448500633E+000
       398     5.3816270828E+000
       399     5.5441627502E+000
       400     5.2065496445E+000
       401     5.7484593391E+000
       402     5.5226645470E+000
       403     5.6984176636E+000
       404     5.6666307449E+000
       405     4.0518136024E+000
       406     4.3225173950E+000
       407     2.4144814014E+000
       408     2.6784923077E+000
       409     2.7340669632E+000
       410     2.9383311272E+000
       411     2.3495154381E+000
       412     2.0749936104E+000
       413     5.7613677979E+000
       414     5.7494535446E+000
       415     4.2120499611E+000
       416     5.6650576591E+000
       417     6.0189175606E+000
       418     6.1146059036E+000
       419     5.9132843018E+000
       420     5.6597747803E+000
       421     5.6765866280E+000
       422     5.8184981346E+000
       423     5.5389780998E+000
       424     5.7411627769E+000
       425     5.5569572449E+000
       426     5.7088680267E+000
       427     5.7157831192E+000
       428     5.7075581551E+000
       429     3.6612877846E+000
       430     3.4939429760E+000
       431     2.8853154182E+000
       432     2.6279151440E+000
       433     1.8124988079E+000
       434     2.5920362473E+000
       435     5.7493181229E+000
       436     5.7418041229E+000
       437     2.9428808689E+000
       438     5.7773981094E+000
       439     5.7567205429E+000
       440     5.6934986115E+000
       441     5.6605081558E+000
       442     5.9813494682E+000
       443     5.9305372238E+000
       444     5.8131556511E+000
       445     5.7893104553E+000
       446     5.7701449394E+000
       447     5.7367587090E+000
       448     5.8627691269E+000
       449     5.8190288544E+000
       450     5.7134947777E+000
       451     5.7630705833E+000
       452     3.6909389496E+000
       453     3.8135275841E+000
       454     3.0543529987E+000
       455     3.1080172062E+000
       456     3.0571904182E+000
       457     2.9373695850E+000
       458     2.4869611263E+000
       459     5.6825289726E+000
       460     5.7853488922E+000
       461     5.7916812897E+000
       462     5.6974039078E+000
       463     5.6864695549E+000
       464     5.7256078720E+000
       465     5.6488299370E+000
       466     5.9551095963E+000
       467     5.8390774727E+000
       468     5.7826447487E+000
       469     5.8623661995E+000
       470     5.9230103493E+000
       471     5.9273762703E+000
       472     6.0317215919E+000
       473     5.8468370438E+000
       474     5.7701616287E+000
       475     5.5912652016E+000
       476     2.0940084457E+000
       477     3.3014988899E+000
       478     3.2408914566E+000
       479     3.3923585415E+000
       480     3.1534497738E+000
       481     3.8631811142E+000
       482     3.3576114178E+000
       483     3.4006443024E+000
       484     5.8017363548E+000
       485     5.8050165176E+000
       486     5.7887554169E+000
       487     5.8910007477E+000
       488     5.8185110092E+000
       489     5.8910646439E+000
       490     5.7434453964E+000
       491     5.7644581795E+000
       492     5.7560358047E+000
       493     5.7377963066E+000
       494     6.0507402420E+000
       495     5.9456448555E+000
       496     6.1020946503E+000
       497     6.0071439743E+000
       498     5.4467296600E+000
       499     3.0676774979E+000
       500     3.5042872429E+000
       501     3.3248512745E+000
       502     3.2196109295E+000
       503     3.4943935871E+000
       504     5.8484759331E+000
       505     3.9182927608E+000
       506     3.9430918694E+000
       507     3.7365567684E+000
       508     5.8900780678E+000
       509     5.8088536263E+000
       510     5.9386825562E+000
       511     5.9630312920E+000
       512     5.9559903145E+000
       513     5.9151859283E+000
       514     5.3504333496E+000
       515     5.6550521851E+000
       516     5.7077975273E+000
       517     5.6791768074E+000
       518     6.0929493904E+000
       519     5.9473257065E+000
       520     6.1327514648E+000
       521     3.2028419971E+000
       522     2.5127019882E+000
       523     3.5558924675E+000
       524     3.0890209675E+000
       525     3.2744538784E+000
       526     3.7103061676E+000
       527     5.7471709251E+000
       528     5.7628383636E+000
       529     5.7370133400E+000
       530     3.6670088768E+000
       531     5.8342061043E+000
       532     6.0003485680E+000
       533     5.9796109200E+000
       534     5.8827190399E+000
       535     5.9804348946E+000
       536     5.9370603561E+000
       537     5.9042134285E+000
       538     5.3456807137E+000
       539     5.6516408920E+000
       540     5.6826677322E+000
       541     5.6886401176E+000
       542     5.7812275887E+000
       543     5.8444948196E+000
       544     3.3038296700E+000
       545     5.1250610352E+000
       546     6.0103855133E+000
       547     2.9826033115E+000
       548     6.1443476677E+000
       549     6.1411275864E+000
       550     5.5921711922E+000
       551     5.7592430115E+000
       552     5.8375678062E+000
       553     5.9424486160E+000
       554     5.8796787262E+000
       555     5.9672207832E+000
       556     6.0245542526E+000
       557     6.0136361122E+000
       558     5.9388499260E+000
       559     5.9963045120E+000
       560     5.9034867287E+000
       561     5.6875209808E+000
       562     5.6441068649E+000
       563     5.4861321449E+000
       564     5.6923413277E+000
       565     5.7897882462E+000
       566     4.9519910812E+000
       567     5.0962238312E+000
       568     2.9940149784E+000
       569     6.1546745300E+000
       570     3.1199219227E+000
       571     6.1621160507E+000
       572     6.2438998222E+000
       573     6.2339911461E+000
       574     6.2107820511E+000
       575     6.0023717880E+000
       576     6.0159382820E+000
       577     6.0809793472E+000
       578     6.1011095047E+000
       579     6.1460766792E+000
       580     6.0403623581E+000
       581     6.0936179161E+000
       582     5.9475159645E+000
       583     6.0240345001E+000
       584     5.8243465424E+000
       585     5.5767145157E+000
       586     5.5951733589E+000
       587     5.6513881683E+000
       588     5.6816802025E+000
       589     4.9025893211E+000
       590     2.3997304440E+000
       591     3.1252453327E+000
       592     6.2296729088E+000
       593     6.1591215134E+000
       594     6.2513279915E+000
       595     6.2170729637E+000
       596     6.1706094742E+000
       597     6.2611675262E+000
       598     6.2552857399E+000
       599     6.1132502556E+000
       600     6.0936331749E+000
       601     6.1291894913E+000
       602     6.1716585159E+000
       603     6.0752267838E+000
       604     6.1191859245E+000
       605     5.8387818336E+000
       606     5.9030761719E+000
       607     6.0222358704E+000
       608     5.6776113510E+000
       609     5.2679333687E+000
       610     5.6511192322E+000
       611     5.3784518242E+000
       612     5.3631186485E+000
       613     5.0517725945E+000
       614     3.2258698940E+000
       615     3.3228316307E+000
       616     3.5207252502E+000
       617     3.5027372837E+000
       618     3.4342913628E+000
       619     6.1647439003E+000
       620     6.3070673943E+000
       621     6.3076543808E+000
       622     6.2111363411E+000
       623     6.2435588837E+000
       624     6.2744460106E+000
       625     6.2523908615E+000
       626     6.2395801544E+000
       627     6.1594905853E+000
       628     6.1979331970E+000
       629     6.1104936600E+000
       630     5.7503371239E+000
       631     5.8501420021E+000
       632     5.9559202194E+000
       633     5.5362114906E+000
       634     5.2267222404E+000
       635     5.2398061752E+000
       636     4.8988051414E+000
       637     5.0946331024E+000
       638     6.1474080086E+000
       639     6.0182285309E+000
       640     5.7251605988E+000
       641     3.3840703964E+000
       642     5.6700401306E+000
       643     6.2187342644E+000
       644     6.2482037544E+000
       645     6.2068238258E+000
       646     6.2352199554E+000
       647     6.2380781174E+000
       648     6.1295428276E+000
       649     6.2958755493E+000
       650     6.2458128929E+000
       651     6.1698913574E+000
       652     6.1893486977E+000
       653     6.0576162338E+000
       654     5.6182041168E+000
       655     5.7476830482E+000
       656     5.8577785492E+000
       657     5.3010821342E+000
       658     5.1260442734E+000
       659     5.0300188065E+000
       660     5.0423512459E+000
       661     6.1205816269E+000
       662     5.7037243843E+000
       663     3.4912900925E+000
       664     5.7337188721E+000
       665     3.8225080967E+000
       666     3.9668974876E+000
       667     3.7714738846E+000
       668     3.5804808140E+000
       669     5.8198246956E+000
       670     6.1275820732E+000
       671     6.1971149445E+000
       672     6.1418266296E+000
       673     6.2281422615E+000
       674     6.1919269562E+000
       675     6.2209329605E+000
       676     6.1361594200E+000
       677     6.1697578430E+000
       678     5.9505467415E+000
       679     5.5632839203E+000
       680     5.7026438713E+000
       681     5.8025770187E+000
       682     5.2224402428E+000
       683     2.8842239380E+000
       684     3.7447152138E+000
       685     4.9813852310E+000
       686     4.7557420731E+000
       687     5.8186278343E+000
       688     3.6040782928E+000
       689     3.6432397366E+000
       690     3.7233605385E+000
       691     3.6205184460E+000
       692     5.6422567368E+000
       693     3.6383020878E+000
       694     3.5976445675E+000
       695     3.6004388332E+000
       696     5.8058414459E+000
       697     5.9592828751E+000
       698     6.1768870354E+000
       699     6.0669102669E+000
       700     6.1422176361E+000
       701     6.1428899765E+000
       702     6.0531592369E+000
       703     6.0511784554E+000
       704     5.8983397484E+000
       705     5.7890572548E+000
       706     5.5327987671E+000
       707     5.6930031776E+000
       708     5.2562360764E+000
       709     2.5550065041E+000
       710     4.6491541862E+000
       711     5.2659230232E+000
       712     5.8266716003E+000
       713     3.3499648571E+000
       714     4.0321378708E+000
       715     4.5327763557E+000
       716     4.4639892578E+000
       717     4.1917052269E+000
       718     3.5412857533E+000
       719     4.0445294380E+000
       720     3.8687450886E+000
       721     5.6484045982E+000
       722     5.7116928101E+000
       723     3.4737806320E+000
       724     3.3857672215E+000
       725     5.7376036644E+000
       726     5.8691024780E+000
       727     6.0465011597E+000
       728     5.8594985008E+000
       729     6.0425901413E+000
       730     5.8936076164E+000
       731     5.9051351547E+000
       732     5.9666848183E+000
       733     5.7782835960E+000
       734     5.6805658340E+000
       735     5.5329308510E+000
       736     5.1873850822E+000
       737     5.7561678886E+000
       738     3.6281218529E+000
       739     4.6951413155E+000
       740     3.6723334789E+000
       741     4.3508858681E+000
       742     3.7727496624E+000
       743     3.9040675163E+000
       744     5.5286216736E+000
       745     5.6543073654E+000
       746     5.3256630898E+000
       747     5.1395683289E+000
       748     5.6793646812E+000
       749     5.7056813240E+000
       750     5.6510977745E+000
       751     5.5922327042E+000
       752     5.7808866501E+000
       753     5.7274589539E+000
       754     5.6736230850E+000
       755     5.6268463135E+000
       756     3.6564736366E+000
       757     3.9317178726E+000
       758     3.7373845577E+000
       759     5.5804386139E+000
       760     3.6150531769E+000
       761     5.0499906540E+000
       762     5.4849901199E+000
       763     5.2144970894E+000
       764     5.5666975975E+000
       765     5.4939255714E+000
       766     5.3731327057E+000
       767     5.2110862732E+000
       768     5.2039828300E+000
       769     5.7781143188E+000
       770     5.4214801788E+000
       771     3.7727706432E+000
       772     3.9804108143E+000
       773     3.7712757587E+000
       774     3.6287393570E+000
       775     3.5998079777E+000
       776     5.4103918076E+000
       777     5.0948047638E+000
       778     5.1240339279E+000
       779     5.3059849739E+000
       780     5.4010777473E+000
       781     5.2376122475E+000
       782     5.0449399948E+000
       783     4.6765789986E+000
       784     3.6553962231E+000
       785     2.8243880272E+000
       786     5.2658681870E+000
       787     3.9265670776E+000
       788     3.8103175163E+000
       789     3.4825706482E+000
       790     3.2828822136E+000
       791     4.9951434135E+000
       792     5.3313522339E+000
       793     5.1933760643E+000
       794     5.2514238358E+000
       795     5.2647414207E+000
       796     4.9763417244E+000
       797     4.6323308945E+000
       798     3.9407634735E+000
       799     2.2532074451E+000
       800     3.4426059723E+000
       801     5.0829758644E+000
       802     3.3504710197E+000
       803     3.2941963673E+000
       804     4.6937255859E+000
       805     4.7476172447E+000
       806     5.1852908134E+000
       807     5.2398829460E+000
       808     5.2317218781E+000
       809     5.0188388824E+000
       810     4.5538864136E+000
       811     3.5736143589E+000
       812     4.5778884888E+000
       813     3.2560234070E+000
       814     3.4840109348E+000
       815     4.9517683983E+000
       816     4.7993173599E+000
       817     5.0961833000E+000
       818     4.7498660088E+000
       819     4.6683197021E+000
       820     4.9618344307E+000
       821     4.3592882156E+000
       822     3.2980151176E+000
       823     3.5849797726E+000
       824     3.8315019608E+000
       825     4.5888671875E+000
       826     4.7782349586E+000
       827     4.8065695763E+000
       828     4.7346720695E+000
       829     4.6712136269E+000
       830     4.5976152420E+000
       831     4.6888637543E+000
       832     3.9701466560E+000
       833     4.1370892525E+000
       834     4.2615327835E+000
       835     4.6604690552E+000
       836     4.6199908257E+000
       837     4.7024278641E+000
       838     4.6651830673E+000
       839     3.9348366261E+000
       840     4.5041489601E+000
       841     3.1710710526E+000
       842     3.1622123718E+000
       843     4.5362114906E+000
       844     4.6329288483E+000
       845     4.3508424759E+000
       846     4.4693722725E+000
       847     4.2691874504E+000
       848     4.8022489548E+000
       849     4.2278566360E+000
       850     3.2509686947E+000
       851     2.9051663876E+000
       852     4.3999071121E+000
       853     4.5069718361E+000
       854     4.4856772423E+000
       855     4.3838887215E+000
       856     3.8271725178E+000
       857     4.4462494850E+000
       858     4.3909287453E+000
       859     4.1831717491E+000
       860     2.9394717216E+000
       861     5.3362035751E+000
       862     4.3451914787E+000
       863     5.2600932121E+000
       864     2.4737446308E+000
       865     5.1943602562E+000
       866     4.3209943771E+000
       867     4.0490961075E+000
       868     3.5054366589E+000
       869     3.8114488125E+000
       870     3.4882743359E+000
       871     5.5919308662E+000
       872     3.7535364628E+000
       873     3.3448894024E+000
       874     5.6373162270E+000
       875     5.4498457909E+000
       876     3.4285533428E+000
       877     4.2170987129E+000
       878     3.3904759884E+000
       879     5.8389978409E+000
       880     5.7301259041E+000
       881     3.9399044514E+000
       882     3.8082330227E+000
       883     3.7322566509E+000
       884     2.9261176586E+000
       885     5.6767497063E+000
       886     3.5392708778E+000
       887     5.9462542534E+000
       888     5.8183522224E+000
       889     3.5910618305E+000
       890     3.1309435368E+000
       891     5.9127721786E+000
       892     5.8114929199E+000
       893     3.8305053711E+000
       894     3.1896393299E+000
       895     5.7693266869E+000
       896     5.7788085938E+000
       897     5.8750948906E+000
       898     5.8708791733E+000
       899     5.5190849304E+000
       900     3.3607499599E+000
       901     2.9095795155E+000
       902     5.0959286690E+000
       903     5.9218931198E+000
       904     5.6608738899E+000
       905     3.8428702354E+000
       906     3.3991134167E+000
       907     3.8685951233E+000
       908     3.8415706158E+000
       909     5.7733817101E+000
       910     5.8167786598E+000
       911     5.9680662155E+000
       912     5.8259072304E+000
       913     5.8135490417E+000
       914     4.2414765358E+000
       915     4.7274785042E+000
       916     5.7544584274E+000
       917     5.8819003105E+000
       918     5.6639385223E+000
       919     3.8828263283E+000
       920     3.6779417992E+000
       921     3.9305586815E+000
       922     5.7619342804E+000
       923     5.8581991196E+000
       924     5.8739328384E+000
       925     5.7616729736E+000
       926     4.1430263519E+000
       927     3.4780755043E+000
       928     5.6991977692E+000
       929     5.8419899940E+000
       930     5.3011488914E+000
       931     4.7934761047E+000
       932     4.2202072144E+000
       933     3.7762682438E+000
       934     2.5465111732E+000
       935     2.8575558662E+000
       936     5.6560573578E+000
       937     5.8082480431E+000
       938     5.8439202309E+000
       939     5.6466674805E+000
       940     5.7415204048E+000
       941     3.9242749214E+000
       942     3.5567498207E+000
       943     5.7968873978E+000
       944     4.5946741104E+000
       945     4.2595181465E+000
       946     3.1219654083E+000
       947     4.7666478157E+000
       948     5.6844096184E+000
       949     5.7588453293E+000
       950     5.8191308975E+000
       951     5.8021574020E+000
       952     5.6497955322E+000
       953     4.0064401627E+000
       954     3.3857390881E+000
       955     2.4128043652E+000
       956     2.8489010334E+000
       957     5.8039808273E+000
       958     5.1206660271E+000
       959     4.0840339661E+000
       960     5.5407671928E+000
       961     5.7660503387E+000
       962     5.7928419113E+000
       963     5.6713972092E+000
       964     5.6552076340E+000
       965     2.4701206684E+000
       966     5.7748064995E+000
       967     5.0769796371E+000
       968     5.7249231339E+000
       969     5.7576727867E+000
       970     5.2365689278E+000
       971     5.0838637352E+000
       972     5.4927802086E+000
       973     3.8849861622E+000
       974     4.9140896797E+000
       975     5.2840514183E+000
       976     5.5610156059E+000
       977     5.5148463249E+000
       978     4.3008098602E+000
       979     5.3473806381E+000
       980     5.6237463951E+000
       981     3.5804719925E+000
       982     4.9771852493E+000
       983     4.2417678833E+000
       984     5.5040240288E+000
       985     5.6303620338E+000
       986     5.5812721252E+000
       987     3.4890909195E+000
       988     5.6691455841E+000
       989     5.7012014389E+000
       990     5.5150241852E+000
       991     5.6731734276E+000
       992     4.5348691940E+000
       993     4.2906494141E+000
       994     5.5733065605E+000
       995     5.6171884537E+000
       996     5.7319598198E+000
       997     5.7244644165E+000
       998     5.6796879768E+000
       999     4.5781683922E+000
      1000     4.2914896011E+000
      1001     5.5710387230E+000
      1002     5.7054209709E+000
      1003     5.7862248421E+000
      1004     5.8129587173E+000
      1005     5.7653512955E+000
      1006     5.7413802147E+000
      1007     4.6564803123E+000
      1008     4.9905867577E+000
      1009     3.7199177742E+000
      1010     5.7748084068E+000
      1011     5.8696279526E+000
      1012     6.0264348984E+000
      1013     5.8097896576E+000
      1014     6.0499739647E+000
      1015     5.6572422981E+000
      1016     6.7403116226E+000
      1017     6.1047282219E+000
      1018     6.0574545860E+000
      1019     6.0708575249E+000
      1020     5.9240193367E+000
      1021     6.2533121109E+000
      1022     6.1468343735E+000
      1023     6.1705589294E+000
      1024     6.1980819702E+000
      1025     6.0689387321E+000
      1026     6.2789258957E+000
      1027     6.1799693108E+000
      1028     6.1139955521E+000
      1029     6.2139816284E+000
      1030     6.2904210091E+000
      1031     6.3180074692E+000
      1032     6.3008046150E+000
      1033     6.3760075569E+000
      1034     6.3265666962E+000
      1035     6.4144477844E+000
      1036     6.4587745667E+000
      1037     4.5002889633E+000
      1038     6.0372376442E+000
      1039     4.8635840416E+000
      1040     4.0332989693E+000
      1041     6.1928801537E+000
      1042     6.2829174995E+000
      1043     5.7972121239E+000
      1044     5.1353721619E+000
      1045     6.2110309601E+000
      1046     5.9677863121E+000
      1047     6.1148533821E+000
      1048     6.0754580498E+000
      1049     6.2354335785E+000
      1050     4.7726869583E+000
      1051     6.2368779182E+000
      1052     6.2060394287E+000
      1053     5.4561238289E+000
      1054     5.8488464355E+000
      1055     4.0784130096E+000
      1056     5.9847025871E+000
      1057     5.9755558968E+000
      1058     5.5885815620E+000
      1059     4.8423008919E+000
      1060     5.3826303482E+000
      1061     4.7447338104E+000
      1062     5.4920110703E+000
      1063     4.6902356148E+000
      1064     4.8137607574E+000
      1065     4.9847302437E+000
      1066     5.1495594978E+000
      1067     4.8320140839E+000
      1068     3.8264808655E+000
      1069     3.6905839443E+000
