  nc_newport_river_core_cr4_bath    v31.06 iterative         Albemarle-Pamlico Estuar
          1       1069  0.1000000E+001        1     1 FileFmtVersion:    1050624
     2.5920000000E+005          51840
         1     2.7327392101E+000
         2     4.2608485222E+000
         3     3.8636934757E+000
         4     4.5373854637E+000
         5     3.8859884739E+000
         6     4.3889169693E+000
         7     3.7025575638E+000
         8     4.7575049400E+000
         9     4.7154917717E+000
        10     3.4343304634E+000
        11     4.9834499359E+000
        12     4.6887989044E+000
        13     3.5824627876E+000
        14     4.9289073944E+000
        15     5.0465264320E+000
        16     3.8895883560E+000
        17     4.4239034653E+000
        18     3.9258205891E+000
        19     4.2833991051E+000
        20     3.0697388649E+000
        21     4.4716978073E+000
        22     3.8504824638E+000
        23     3.8445839882E+000
        24     3.2130267620E+000
        25     4.8626117706E+000
        26     4.0009865761E+000
        27     3.7994122505E+000
        28     2.9508428574E+000
        29     4.8601946831E+000
        30     4.5592823029E+000
        31     3.9947793484E+000
        32     4.3823051453E+000
        33     4.8992061615E+000
        34     4.5033044815E+000
        35     4.2421145439E+000
        36     4.3569493294E+000
        37     5.0208053589E+000
        38     4.1847653389E+000
        39     4.2446846962E+000
        40     4.2925453186E+000
        41     2.6150510311E+000
        42     4.5554876328E+000
        43     4.0245060921E+000
        44     4.2833566666E+000
        45     5.2998595238E+000
        46     4.7546315193E+000
        47     4.3825230598E+000
        48     4.9560709000E+000
        49     3.1224775314E+000
        50     3.7180325985E+000
        51     4.8880805969E+000
        52     4.6317305565E+000
        53     4.4282474518E+000
        54     4.3986945152E+000
        55     5.5723056793E+000
        56     4.4840617180E+000
        57     5.0343303680E+000
        58     4.2529101372E+000
        59     4.4921665192E+000
        60     4.1226301193E+000
        61     4.2421092987E+000
        62     4.0914282799E+000
        63     5.0445532799E+000
        64     4.3337974548E+000
        65     4.4657649994E+000
        66     5.4978990555E+000
        67     5.5449428558E+000
        68     4.5059127808E+000
        69     5.1573529243E+000
        70     4.5635809898E+000
        71     4.8975567818E+000
        72     4.8855161667E+000
        73     4.2308354378E+000
        74     4.8090753555E+000
        75     4.5481534004E+000
        76     4.8492331505E+000
        77     4.3221564293E+000
        78     3.7085485458E+000
        79     4.7351741791E+000
        80     5.5170669556E+000
        81     3.6649470329E+000
        82     5.5992012024E+000
        83     4.8967351913E+000
        84     5.1772632599E+000
        85     5.4360079765E+000
        86     4.4130349159E+000
        87     4.4337730408E+000
        88     4.2496733665E+000
        89     4.0180897713E+000
        90     4.2197690010E+000
        91     4.3949351311E+000
        92     5.6576700211E+000
        93     5.1520042419E+000
        94     4.0956544876E+000
        95     5.4360857010E+000
        96     4.7730088234E+000
        97     5.3462677002E+000
        98     4.4005503654E+000
        99     4.4288234711E+000
       100     2.4493465424E+000
       101     4.1875300407E+000
       102     4.9852228165E+000
       103     4.4366526604E+000
       104     3.8557565212E+000
       105     4.0705194473E+000
       106     3.9809372425E+000
       107     5.4573931694E+000
       108     5.3529758453E+000
       109     4.8991513252E+000
       110     3.8954832554E+000
       111     5.4607977867E+000
       112     5.6417164803E+000
       113     5.2715024948E+000
       114     4.5445003510E+000
       115     4.6853303909E+000
       116     4.3171348572E+000
       117     4.7800583839E+000
       118     2.5896756649E+000
       119     4.8337745667E+000
       120     4.6014547348E+000
       121     5.4955797195E+000
       122     4.5673332214E+000
       123     4.5749959946E+000
       124     2.8584227562E+000
       125     3.9133636951E+000
       126     3.8306207657E+000
       127     4.1795167923E+000
       128     4.9543814659E+000
       129     4.3693475723E+000
       130     5.4777932167E+000
       131     5.4764719009E+000
       132     5.2403721809E+000
       133     4.4552264214E+000
       134     3.9733223915E+000
       135     4.8685903549E+000
       136     4.9612054825E+000
       137     4.3072819710E+000
       138     4.4131860733E+000
       139     5.4629974365E+000
       140     4.9482493401E+000
       141     4.0834455490E+000
       142     4.3628277779E+000
       143     3.6506223679E+000
       144     3.6321172714E+000
       145     4.1069798470E+000
       146     3.6323246956E+000
       147     5.5139594078E+000
       148     5.0157508850E+000
       149     5.5387682915E+000
       150     3.8304252625E+000
       151     5.2034358978E+000
       152     3.9605019093E+000
       153     5.0620312691E+000
       154     4.3527812958E+000
       155     4.1448421478E+000
       156     4.4837245941E+000
       157     5.5614328384E+000
       158     5.1531057358E+000
       159     4.3125138283E+000
       160     4.6185660362E+000
       161     4.8266363144E+000
       162     3.9472928047E+000
       163     4.2122135162E+000
       164     4.9250855446E+000
       165     5.6826391220E+000
       166     4.6268544197E+000
       167     4.8985958099E+000
       168     4.1074247360E+000
       169     4.6521162987E+000
       170     4.8546710014E+000
       171     4.2911629677E+000
       172     3.1596617699E+000
       173     4.8360319138E+000
       174     5.5044865608E+000
       175     4.8948082924E+000
       176     3.8972852230E+000
       177     3.7616901398E+000
       178     5.0370979309E+000
       179     5.5410013199E+000
       180     5.4770302773E+000
       181     5.3836975098E+000
       182     4.0702080727E+000
       183     2.1452291012E+000
       184     3.1516478062E+000
       185     4.1869087219E+000
       186     3.2801125050E+000
       187     4.6082477570E+000
       188     4.7254996300E+000
       189     4.9382328987E+000
       190     5.1838054657E+000
       191     4.0776467323E+000
       192     4.4465270042E+000
       193     4.2768564224E+000
       194     4.4602279663E+000
       195     4.9335803986E+000
       196     3.5163259506E+000
       197     3.6302525997E+000
       198     3.8618211746E+000
       199     5.1527376175E+000
       200     5.3266930580E+000
       201     4.1198625565E+000
       202     4.7034111023E+000
       203     5.3392386436E+000
       204     5.2281112671E+000
       205     5.3212094307E+000
       206     5.5659174919E+000
       207     5.5289769173E+000
       208     5.2894716263E+000
       209     2.8412697315E+000
       210     3.7196083069E+000
       211     4.7312617302E+000
       212     5.0692110062E+000
       213     4.8950271606E+000
       214     4.8058853149E+000
       215     4.6387457848E+000
       216     4.6131587029E+000
       217     4.7882900238E+000
       218     4.7965269089E+000
       219     3.6923527718E+000
       220     4.9245891571E+000
       221     3.6779348850E+000
       222     5.0430512428E+000
       223     5.2675170898E+000
       224     5.2684178352E+000
       225     5.2756924629E+000
       226     5.4652743340E+000
       227     5.4836888313E+000
       228     5.3153443336E+000
       229     4.7438907623E+000
       230     2.8727471828E+000
       231     2.8181905746E+000
       232     3.6103024483E+000
       233     2.9898822308E+000
       234     5.0546784401E+000
       235     4.4317607880E+000
       236     4.8751764297E+000
       237     5.0645685196E+000
       238     3.3330323696E+000
       239     2.7163810730E+000
       240     2.4796493053E+000
       241     4.8712420464E+000
       242     5.2783870697E+000
       243     5.0244069099E+000
       244     4.8202037811E+000
       245     3.7532625198E+000
       246     4.5203509331E+000
       247     4.8136940002E+000
       248     5.1745357513E+000
       249     5.3413648605E+000
       250     5.2097563744E+000
       251     4.9860558510E+000
       252     4.6995234489E+000
       253     2.9983861446E+000
       254     2.9551527500E+000
       255     1.8545985222E+000
       256     2.8420801163E+000
       257     2.2197229862E+000
       258     3.5327153206E+000
       259     4.3981933594E+000
       260     3.3215937614E+000
       261     5.1527776718E+000
       262     4.8242549896E+000
       263     5.1598768234E+000
       264     2.5682334900E+000
       265     3.4512662888E+000
       266     2.3543081284E+000
       267     5.1632356644E+000
       268     5.1950669289E+000
       269     3.6715908051E+000
       270     3.7936127186E+000
       271     4.1908030510E+000
       272     4.5544013977E+000
       273     4.9364728928E+000
       274     4.9697723389E+000
       275     4.9233641624E+000
       276     4.9106373787E+000
       277     2.1416473389E+000
       278     2.8574326038E+000
       279     2.3669745922E+000
       280     2.5545284748E+000
       281     3.9358248711E+000
       282     4.5950374603E+000
       283     3.3849072456E+000
       284     5.1349697113E+000
       285     5.0539727211E+000
       286     5.0562109947E+000
       287     2.8763532639E+000
       288     3.4998579025E+000
       289     2.8042795658E+000
       290     4.9143018723E+000
       291     4.2747321129E+000
       292     3.8982284069E+000
       293     3.8918795586E+000
       294     4.1253557205E+000
       295     4.0763220787E+000
       296     3.7113611698E+000
       297     4.4957919121E+000
       298     4.8852920532E+000
       299     4.9131569862E+000
       300     2.1352276802E+000
       301     2.7297487259E+000
       302     2.1887209415E+000
       303     4.2439718246E+000
       304     4.6264600754E+000
       305     3.5853710175E+000
       306     4.9046545029E+000
       307     5.0192055702E+000
       308     5.0001401901E+000
       309     2.5619876385E+000
       310     2.6757636070E+000
       311     2.3800730705E+000
       312     2.7776486874E+000
       313     4.5058245659E+000
       314     4.3497047424E+000
       315     4.0220746994E+000
       316     4.0038428307E+000
       317     3.7148725986E+000
       318     4.5734329224E+000
       319     4.2415151596E+000
       320     4.8237156868E+000
       321     2.2095565796E+000
       322     2.5325324535E+000
       323     4.2975993156E+000
       324     4.3489398956E+000
       325     3.5214080811E+000
       326     4.7995486259E+000
       327     4.9235243797E+000
       328     4.4895057678E+000
       329     2.5753433704E+000
       330     2.4614279270E+000
       331     2.7176702023E+000
       332     2.1898195744E+000
       333     3.9488089085E+000
       334     3.0302124023E+000
       335     3.1762528419E+000
       336     4.4304800034E+000
       337     4.4881224632E+000
       338     4.5083789825E+000
       339     2.8599975109E+000
       340     3.2686913013E+000
       341     4.0520725250E+000
       342     4.7027401924E+000
       343     4.8248615265E+000
       344     4.7372179031E+000
       345     4.2558484077E+000
       346     2.0185158253E+000
       347     2.3429405689E+000
       348     2.7093133926E+000
       349     3.4705681801E+000
       350     3.5534327030E+000
       351     2.7147223949E+000
       352     4.2229971886E+000
       353     3.8095285892E+000
       354     3.4993550777E+000
       355     3.7447354794E+000
       356     2.3434689045E+000
       357     2.1902873516E+000
       358     1.8398845196E+000
       359     3.9559292793E+000
       360     4.4105300903E+000
       361     4.6534447670E+000
       362     3.9769012928E+000
       363     4.6662793159E+000
       364     4.7335467339E+000
       365     4.4931383133E+000
       366     2.1887948513E+000
       367     3.1709718704E+000
       368     3.7961642742E+000
       369     4.5346097946E+000
       370     2.5552129745E+000
       371     2.8634948730E+000
       372     3.2303218842E+000
       373     2.1129012108E+000
       374     2.1304259300E+000
       375     2.2951714993E+000
       376     3.5465333462E+000
       377     2.6215472221E+000
       378     3.8629925251E+000
       379     3.4014377594E+000
       380     2.5528993607E+000
       381     1.4746782780E+000
       382     1.8806573153E+000
       383     2.2675743103E+000
       384     2.4373476505E+000
       385     2.2369811535E+000
       386     2.8568866253E+000
       387     2.0633161068E+000
       388     3.6731855869E+000
       389     4.2598261833E+000
       390     4.8828592300E+000
       391     4.7009077072E+000
       392     4.4083986282E+000
       393     4.3584017754E+000
       394     3.8718767166E+000
       395     4.1979370117E+000
       396     4.6982297897E+000
       397     5.0082955360E+000
       398     3.5388350487E+000
       399     4.0559544563E+000
       400     3.8553552628E+000
       401     2.4790825844E+000
       402     3.7055640221E+000
       403     2.9791777134E+000
       404     3.7772920132E+000
       405     3.5276415348E+000
       406     3.8220319748E+000
       407     2.3064024448E+000
       408     2.5237476826E+000
       409     2.4578905106E+000
       410     2.5658667088E+000
       411     2.2354195118E+000
       412     2.2677991390E+000
       413     2.6852321625E+000
       414     3.2369985580E+000
       415     3.7905805111E+000
       416     3.9941542149E+000
       417     4.9229273796E+000
       418     4.7510142326E+000
       419     5.0228676796E+000
       420     4.3634991646E+000
       421     4.4504661560E+000
       422     5.0396194458E+000
       423     4.2428107262E+000
       424     4.4683852196E+000
       425     4.3569121361E+000
       426     3.7405936718E+000
       427     4.6950216293E+000
       428     4.2281937599E+000
       429     3.4708874226E+000
       430     3.0849595070E+000
       431     2.3343763351E+000
       432     2.1393682957E+000
       433     1.8985742331E+000
       434     2.4225277901E+000
       435     2.7076277733E+000
       436     3.0630524158E+000
       437     2.6172235012E+000
       438     3.8587198257E+000
       439     4.2096366882E+000
       440     4.5173525810E+000
       441     3.7645220757E+000
       442     4.4468894005E+000
       443     5.0443520546E+000
       444     5.0593614578E+000
       445     4.5845589638E+000
       446     5.0546584129E+000
       447     4.5779323578E+000
       448     4.6863217354E+000
       449     4.5206809044E+000
       450     4.6814160347E+000
       451     4.9768047333E+000
       452     3.7084176540E+000
       453     3.7331070900E+000
       454     2.7115850449E+000
       455     2.7263789177E+000
       456     2.7355978489E+000
       457     2.4870324135E+000
       458     2.7316546440E+000
       459     4.0946326256E+000
       460     3.7386894226E+000
       461     3.0689554214E+000
       462     4.6731729507E+000
       463     4.6831541061E+000
       464     4.8240928650E+000
       465     4.0254158974E+000
       466     4.6655969620E+000
       467     4.9724335670E+000
       468     5.0073509216E+000
       469     4.6823186874E+000
       470     4.7458457947E+000
       471     4.7565898895E+000
       472     4.6745414734E+000
       473     5.1917772293E+000
       474     4.9422225952E+000
       475     3.7250828743E+000
       476     2.8100869656E+000
       477     3.0437493324E+000
       478     2.8148226738E+000
       479     2.9812498093E+000
       480     2.4929749966E+000
       481     2.6514194012E+000
       482     2.8366336823E+000
       483     3.0703427792E+000
       484     3.9184460640E+000
       485     4.5061717033E+000
       486     4.7952456474E+000
       487     3.4957973957E+000
       488     4.9182224274E+000
       489     5.1039977074E+000
       490     4.4989690781E+000
       491     4.9239344597E+000
       492     4.9441652298E+000
       493     4.9797120094E+000
       494     4.7904419899E+000
       495     4.7465209961E+000
       496     4.7208580971E+000
       497     4.5828204155E+000
       498     3.7263834476E+000
       499     3.3894548416E+000
       500     3.6699788570E+000
       501     2.9170775414E+000
       502     2.8826591969E+000
       503     3.1562247276E+000
       504     3.0863380432E+000
       505     3.4756143093E+000
       506     3.4077422619E+000
       507     3.2672336102E+000
       508     4.4943513870E+000
       509     4.8519625664E+000
       510     5.0212774277E+000
       511     4.2877802849E+000
       512     5.2209205627E+000
       513     5.4145188332E+000
       514     4.3932623863E+000
       515     4.7914199829E+000
       516     4.8199186325E+000
       517     4.8234839439E+000
       518     4.7932353020E+000
       519     4.6743550301E+000
       520     4.7754764557E+000
       521     3.5145440102E+000
       522     2.8720042706E+000
       523     3.3114621639E+000
       524     3.0166594982E+000
       525     3.3474204540E+000
       526     3.6160135269E+000
       527     4.1022257805E+000
       528     4.4434461594E+000
       529     3.7835791111E+000
       530     3.5808942318E+000
       531     4.8420743942E+000
       532     5.1046676636E+000
       533     5.3381042480E+000
       534     4.9566068649E+000
       535     5.4710354805E+000
       536     5.4988389015E+000
       537     5.5434646606E+000
       538     3.4442234039E+000
       539     4.4303970337E+000
       540     4.6213970184E+000
       541     5.2477169037E+000
       542     5.4250383377E+000
       543     5.4431519508E+000
       544     3.4700441360E+000
       545     3.5671558380E+000
       546     3.9482784271E+000
       547     3.2362122536E+000
       548     4.2519035339E+000
       549     5.0309839249E+000
       550     4.5602416992E+000
       551     4.6658873558E+000
       552     4.8348898888E+000
       553     5.1382079124E+000
       554     4.6699681282E+000
       555     5.1777510643E+000
       556     5.4394607544E+000
       557     5.3103919029E+000
       558     5.5379176140E+000
       559     5.4930682182E+000
       560     5.4890389442E+000
       561     3.9272227287E+000
       562     4.5225253105E+000
       563     4.9368729591E+000
       564     5.1758170128E+000
       565     5.2752261162E+000
       566     4.3367481232E+000
       567     3.3657782078E+000
       568     3.3147373199E+000
       569     3.4688606262E+000
       570     3.1822791100E+000
       571     5.2087159157E+000
       572     4.5313582420E+000
       573     5.2124714851E+000
       574     5.4949536324E+000
       575     4.9380750656E+000
       576     5.0106048584E+000
       577     5.2694387436E+000
       578     5.4598426819E+000
       579     5.3821916580E+000
       580     5.4776000977E+000
       581     5.5586638451E+000
       582     5.4476699829E+000
       583     5.5439672470E+000
       584     5.3852891922E+000
       585     4.6363916397E+000
       586     4.7990012169E+000
       587     4.8096017838E+000
       588     5.1835260391E+000
       589     4.6506280899E+000
       590     3.1666140556E+000
       591     3.2173936367E+000
       592     4.7391338348E+000
       593     4.2072873116E+000
       594     3.6404302120E+000
       595     5.6295723915E+000
       596     5.2848625183E+000
       597     5.4710593224E+000
       598     5.6505413055E+000
       599     5.5980014801E+000
       600     5.4188232422E+000
       601     5.5872192383E+000
       602     5.6254663467E+000
       603     5.5346083641E+000
       604     5.6071619987E+000
       605     5.4363059998E+000
       606     5.4870595932E+000
       607     5.5801343918E+000
       608     5.2547616959E+000
       609     4.6294465065E+000
       610     4.7724714279E+000
       611     4.9945998192E+000
       612     3.3379786015E+000
       613     3.3368895054E+000
       614     3.2890493870E+000
       615     3.3770391941E+000
       616     3.5794615746E+000
       617     3.6116068363E+000
       618     3.5940237045E+000
       619     3.9120573997E+000
       620     4.9883008003E+000
       621     4.7031044960E+000
       622     4.8865952492E+000
       623     5.6985273361E+000
       624     5.3590850830E+000
       625     5.6364722252E+000
       626     5.7434496880E+000
       627     5.6129860878E+000
       628     5.6721196175E+000
       629     5.6341876984E+000
       630     5.3500814438E+000
       631     5.4226264954E+000
       632     5.5462417603E+000
       633     5.0832552910E+000
       634     4.8114380836E+000
       635     4.9837188721E+000
       636     4.8277435303E+000
       637     3.5660898685E+000
       638     3.6915490627E+000
       639     4.0096373558E+000
       640     4.1289505959E+000
       641     3.5684092045E+000
       642     4.0799922943E+000
       643     4.5045313835E+000
       644     5.2896928787E+000
       645     5.3271555901E+000
       646     5.1392035484E+000
       647     5.7288184166E+000
       648     5.2043385506E+000
       649     5.5907554626E+000
       650     5.7476463318E+000
       651     5.6475520134E+000
       652     5.7223329544E+000
       653     5.5676245689E+000
       654     5.1994953156E+000
       655     5.3970890045E+000
       656     5.4719185829E+000
       657     4.9378390312E+000
       658     4.7669596672E+000
       659     4.3241143227E+000
       660     3.4287734032E+000
       661     4.6229782104E+000
       662     4.7408685684E+000
       663     3.5417027473E+000
       664     3.8117923737E+000
       665     3.7276051044E+000
       666     3.7814900875E+000
       667     3.6510992050E+000
       668     3.4874680042E+000
       669     4.4754743576E+000
       670     5.2295041084E+000
       671     5.4999780655E+000
       672     5.4737739563E+000
       673     5.7458577156E+000
       674     5.5486636162E+000
       675     5.7226662636E+000
       676     5.6489405632E+000
       677     5.6942920685E+000
       678     5.6000456810E+000
       679     5.1267256737E+000
       680     5.3003582954E+000
       681     5.4226527214E+000
       682     4.7879791260E+000
       683     3.5881152153E+000
       684     3.5752213001E+000
       685     4.4631175995E+000
       686     3.3658065796E+000
       687     5.2729320526E+000
       688     3.4742016792E+000
       689     3.5209798813E+000
       690     3.6124961376E+000
       691     3.8359680176E+000
       692     4.2827830315E+000
       693     3.6565821171E+000
       694     3.5483090878E+000
       695     3.4534394741E+000
       696     4.7777333260E+000
       697     5.4283475876E+000
       698     5.4674739838E+000
       699     5.3933744431E+000
       700     5.7168350220E+000
       701     5.5357704163E+000
       702     5.6164374352E+000
       703     5.6284337044E+000
       704     5.4975190163E+000
       705     5.2927250862E+000
       706     5.0295324326E+000
       707     5.2323689461E+000
       708     4.6741313934E+000
       709     2.9702088833E+000
       710     4.0558815002E+000
       711     4.0242624283E+000
       712     5.2036266327E+000
       713     4.9563570023E+000
       714     3.6731023788E+000
       715     3.8002269268E+000
       716     3.5519199371E+000
       717     3.8028051853E+000
       718     3.5819656849E+000
       719     3.9009778500E+000
       720     3.5322110653E+000
       721     3.6272578239E+000
       722     4.3054771423E+000
       723     3.6628580093E+000
       724     3.4513039589E+000
       725     4.8958992958E+000
       726     5.2547678947E+000
       727     5.3669033051E+000
       728     5.2346000671E+000
       729     5.3427238464E+000
       730     5.0907568932E+000
       731     5.4833354950E+000
       732     5.2060656548E+000
       733     5.2453770638E+000
       734     5.0312070847E+000
       735     4.8447961807E+000
       736     4.2777109146E+000
       737     5.0921740532E+000
       738     4.1428928375E+000
       739     3.9425723553E+000
       740     4.3252339363E+000
       741     4.1325950623E+000
       742     3.7385098934E+000
       743     3.7684514523E+000
       744     4.0281667709E+000
       745     4.4923210144E+000
       746     3.9238038063E+000
       747     3.9339652061E+000
       748     4.8726058006E+000
       749     5.1006741524E+000
       750     5.0981960297E+000
       751     4.9108824730E+000
       752     4.8573832512E+000
       753     4.6437439919E+000
       754     4.1544966698E+000
       755     5.0204019547E+000
       756     3.7404110432E+000
       757     3.8063664436E+000
       758     3.4822626114E+000
       759     4.8320817947E+000
       760     3.6691234112E+000
       761     4.0566310883E+000
       762     4.5424675941E+000
       763     4.4007844925E+000
       764     5.0124831200E+000
       765     4.8819780350E+000
       766     4.7570686340E+000
       767     4.6692190170E+000
       768     4.3954415321E+000
       769     3.6989188194E+000
       770     4.9244995117E+000
       771     3.8109135628E+000
       772     3.9281229973E+000
       773     3.6018362045E+000
       774     3.5009136200E+000
       775     3.5978431702E+000
       776     5.0294437408E+000
       777     3.9835410118E+000
       778     4.5905275345E+000
       779     4.7946662903E+000
       780     4.9434185028E+000
       781     4.7736525536E+000
       782     4.5732951164E+000
       783     4.2077975273E+000
       784     3.5094132423E+000
       785     3.0677299500E+000
       786     4.9084749222E+000
       787     3.7356405258E+000
       788     3.5599925518E+000
       789     3.4735031128E+000
       790     2.6307053566E+000
       791     3.7381536961E+000
       792     4.8328366280E+000
       793     4.2795863152E+000
       794     4.7153234482E+000
       795     4.8237690926E+000
       796     4.6358447075E+000
       797     4.1045532227E+000
       798     3.4893522263E+000
       799     2.7598154545E+000
       800     3.1638700962E+000
       801     4.6054277420E+000
       802     3.2241158485E+000
       803     2.5321714878E+000
       804     4.1731252670E+000
       805     4.2123022079E+000
       806     4.2977862358E+000
       807     4.8576021194E+000
       808     4.7690873146E+000
       809     4.5243391991E+000
       810     4.0569272041E+000
       811     3.4331135750E+000
       812     4.1796636581E+000
       813     3.0716495514E+000
       814     2.5887651443E+000
       815     4.5676450729E+000
       816     4.4214434624E+000
       817     4.6183676720E+000
       818     4.4210190773E+000
       819     4.2023091316E+000
       820     4.5542163849E+000
       821     4.0670757294E+000
       822     3.0108458996E+000
       823     3.4192786217E+000
       824     3.4922053814E+000
       825     3.9737703800E+000
       826     4.5786962509E+000
       827     4.4622874260E+000
       828     4.1479010582E+000
       829     4.3138628006E+000
       830     4.1706528664E+000
       831     2.9368023872E+000
       832     3.8062279224E+000
       833     3.8112022877E+000
       834     4.0148134232E+000
       835     4.3462419510E+000
       836     4.2269539833E+000
       837     4.2769527435E+000
       838     4.1960978508E+000
       839     2.9163722992E+000
       840     3.8761494160E+000
       841     3.0706133842E+000
       842     3.4258072376E+000
       843     3.8338367939E+000
       844     4.4805769920E+000
       845     3.8853538036E+000
       846     4.3505363464E+000
       847     3.9417889118E+000
       848     3.2831959724E+000
       849     3.7041313648E+000
       850     3.1487717628E+000
       851     3.2979393005E+000
       852     3.7711856365E+000
       853     4.2839288712E+000
       854     4.1412515640E+000
       855     3.9719910622E+000
       856     3.1551570892E+000
       857     4.0664958954E+000
       858     4.2002048492E+000
       859     3.8348031044E+000
       860     3.1543819904E+000
       861     4.2973756790E+000
       862     4.1751933098E+000
       863     4.2767562866E+000
       864     2.5594713688E+000
       865     4.2909054756E+000
       866     4.0358552933E+000
       867     3.8337862492E+000
       868     3.2666029930E+000
       869     3.5081813335E+000
       870     3.2221438885E+000
       871     4.4674463272E+000
       872     3.4086844921E+000
       873     3.3249890804E+000
       874     4.7294178009E+000
       875     4.6125998497E+000
       876     3.1037220955E+000
       877     3.9888949394E+000
       878     2.5971057415E+000
       879     4.3850498199E+000
       880     4.9853520393E+000
       881     3.7008192539E+000
       882     3.8148918152E+000
       883     3.4117012024E+000
       884     3.2210407257E+000
       885     5.0281057358E+000
       886     3.0498623848E+000
       887     4.1760210991E+000
       888     5.1656489372E+000
       889     3.3920693398E+000
       890     3.4342806339E+000
       891     4.5681791306E+000
       892     4.9208054543E+000
       893     3.4364910126E+000
       894     3.3771917820E+000
       895     5.1361508369E+000
       896     4.2146196365E+000
       897     5.4286503792E+000
       898     5.2638854980E+000
       899     3.9074103832E+000
       900     3.2711784840E+000
       901     3.2152414322E+000
       902     4.5990529060E+000
       903     5.3644032478E+000
       904     5.1141943932E+000
       905     3.5472714901E+000
       906     3.4836754799E+000
       907     3.9392940998E+000
       908     3.2734303474E+000
       909     5.1637468338E+000
       910     4.4109907150E+000
       911     5.4013643265E+000
       912     5.2960028648E+000
       913     4.1150169373E+000
       914     4.0796008110E+000
       915     4.4360303879E+000
       916     5.1080431938E+000
       917     5.4467730522E+000
       918     3.9834072590E+000
       919     3.4552595615E+000
       920     3.6757373810E+000
       921     3.9597401619E+000
       922     5.1057472229E+000
       923     5.2597346306E+000
       924     5.4796166420E+000
       925     3.8843107224E+000
       926     3.8866083622E+000
       927     3.3782823086E+000
       928     4.9062304497E+000
       929     5.4467802048E+000
       930     4.5762624741E+000
       931     3.6115822792E+000
       932     3.5341959000E+000
       933     3.4647681713E+000
       934     3.1051907539E+000
       935     2.8321080208E+000
       936     5.0686321259E+000
       937     5.2917776108E+000
       938     5.4353628159E+000
       939     4.5608553886E+000
       940     3.4606955051E+000
       941     3.4634115696E+000
       942     3.6591434479E+000
       943     5.3637399673E+000
       944     4.0654797554E+000
       945     4.1187815666E+000
       946     3.5811595917E+000
       947     4.0872344971E+000
       948     4.9392104149E+000
       949     5.1674199104E+000
       950     5.3251690865E+000
       951     5.4677672386E+000
       952     5.0159440041E+000
       953     3.8036081791E+000
       954     3.2222061157E+000
       955     2.5631129742E+000
       956     3.1382606030E+000
       957     5.4254288673E+000
       958     4.1225175858E+000
       959     3.3512151241E+000
       960     4.5690841675E+000
       961     5.2299017906E+000
       962     5.3923854828E+000
       963     5.2003564835E+000
       964     4.0363869667E+000
       965     2.9912934303E+000
       966     5.4263043404E+000
       967     3.6571567059E+000
       968     4.8766493797E+000
       969     5.3285737038E+000
       970     4.6317014694E+000
       971     2.4724185467E+000
       972     4.9502987862E+000
       973     3.5378320217E+000
       974     3.1944921017E+000
       975     4.5251164436E+000
       976     4.7896189690E+000
       977     4.7930622101E+000
       978     3.6487736702E+000
       979     2.9408957958E+000
       980     5.0218396187E+000
       981     3.6609601974E+000
       982     3.4100410938E+000
       983     3.7496120930E+000
       984     4.6379251480E+000
       985     4.9213294983E+000
       986     4.7793202400E+000
       987     3.5497777462E+000
       988     2.9588561058E+000
       989     5.1144204140E+000
       990     4.0420694351E+000
       991     2.8226981163E+000
       992     4.1876997948E+000
       993     3.9556653500E+000
       994     4.7408609390E+000
       995     4.4651598930E+000
       996     5.1360120773E+000
       997     3.2987711430E+000
       998     3.1749849319E+000
       999     4.5102601051E+000
      1000     3.9651651382E+000
      1001     3.6529231071E+000
      1002     5.1011376381E+000
      1003     5.1160097122E+000
      1004     5.1836805344E+000
      1005     5.0395159721E+000
      1006     3.3552172184E+000
      1007     4.0177855492E+000
      1008     4.8077602386E+000
      1009     3.7568802834E+000
      1010     4.9300560951E+000
      1011     5.3363628387E+000
      1012     5.4073305130E+000
      1013     5.3218169212E+000
      1014     3.3546891212E+000
      1015     4.4877667427E+000
      1016     3.6617879868E+000
      1017     5.3507590294E+000
      1018     5.4341893196E+000
      1019     5.5713629723E+000
      1020     5.3484191895E+000
      1021     4.8853430748E+000
      1022     4.3639416695E+000
      1023     5.6225719452E+000
      1024     5.4999046326E+000
      1025     5.4702486992E+000
      1026     5.6373143196E+000
      1027     4.7708010674E+000
      1028     4.8262443542E+000
      1029     5.5088930130E+000
      1030     5.6908798218E+000
      1031     4.7895522118E+000
      1032     4.4533634186E+000
      1033     5.6525545120E+000
      1034     4.9195032120E+000
      1035     4.5350909233E+000
      1036     4.3982686996E+000
      1037     4.9927306175E+000
      1038     4.9776706696E+000
      1039     4.3532400131E+000
      1040     3.9727444649E+000
      1041     5.7970638275E+000
      1042     5.1503744125E+000
      1043     5.5323257446E+000
      1044     4.2236280441E+000
      1045     4.9304947853E+000
      1046     5.3619217873E+000
      1047     5.7314968109E+000
      1048     5.6048765182E+000
      1049     5.8557119370E+000
      1050     3.9693899155E+000
      1051     5.8930635452E+000
      1052     5.8546090126E+000
      1053     5.1789436340E+000
      1054     5.6716623306E+000
      1055     3.6507232189E+000
      1056     5.2803888321E+000
      1057     4.7126598358E+000
      1058     4.5393333435E+000
      1059     3.6931450367E+000
      1060     4.9279375076E+000
      1061     3.6602630615E+000
      1062     5.1782069206E+000
      1063     3.7923386097E+000
      1064     4.2250061035E+000
      1065     4.0270109177E+000
      1066     4.8848910332E+000
      1067     4.0679955482E+000
      1068     3.4644508362E+000
      1069     3.2775244713E+000
