  nc_newport_river_core_cr4_bath    v31.06 iterative         Albemarle-Pamlico Estuar
          1       1069  0.1000000E+001        1     1 FileFmtVersion:    1050624
     2.5920000000E+005          51840
         1     2.4828717709E+000
         2     3.6298406124E+000
         3     3.2891299725E+000
         4     3.9091434479E+000
         5     3.3049643040E+000
         6     3.7428014278E+000
         7     3.2754449844E+000
         8     4.0196089745E+000
         9     4.0664777756E+000
        10     2.9246962070E+000
        11     4.2506785393E+000
        12     4.0588655472E+000
        13     3.1103878021E+000
        14     4.2267584801E+000
        15     4.4329471588E+000
        16     3.3501896858E+000
        17     3.7877674103E+000
        18     3.3918836117E+000
        19     3.7063472271E+000
        20     2.7893307209E+000
        21     3.8542263508E+000
        22     3.3412744999E+000
        23     3.1572413445E+000
        24     2.8184075356E+000
        25     4.1616635323E+000
        26     3.2852077484E+000
        27     3.0319604874E+000
        28     2.4880213737E+000
        29     4.1228842735E+000
        30     4.1132631302E+000
        31     3.2067346573E+000
        32     3.8946340084E+000
        33     4.2257599831E+000
        34     3.9436321259E+000
        35     3.5122339725E+000
        36     3.8889820576E+000
        37     4.3219575882E+000
        38     3.5570499897E+000
        39     3.2941477299E+000
        40     3.5042700768E+000
        41     2.3494598866E+000
        42     3.7746665478E+000
        43     3.6546964645E+000
        44     3.7560274601E+000
        45     4.1802287102E+000
        46     3.7159650326E+000
        47     3.7113497257E+000
        48     4.1751379967E+000
        49     2.5814781189E+000
        50     3.3136351109E+000
        51     4.0721545219E+000
        52     4.0735683441E+000
        53     3.7834954262E+000
        54     3.0838789940E+000
        55     4.8117675781E+000
        56     3.1831724644E+000
        57     4.4011011124E+000
        58     3.3988471031E+000
        59     3.6449568272E+000
        60     3.4520916939E+000
        61     3.0697276592E+000
        62     2.8277757168E+000
        63     4.3941321373E+000
        64     3.4962019920E+000
        65     3.9006199837E+000
        66     4.7965235710E+000
        67     4.7876582146E+000
        68     2.9823586941E+000
        69     4.2580628395E+000
        70     3.9610192776E+000
        71     3.6930973530E+000
        72     4.0922250748E+000
        73     3.1637701988E+000
        74     4.0704884529E+000
        75     3.9519731998E+000
        76     4.0580387115E+000
        77     3.5610690117E+000
        78     3.3489975929E+000
        79     4.1199693680E+000
        80     4.8634305000E+000
        81     2.3757596016E+000
        82     4.8163385391E+000
        83     3.8748810291E+000
        84     4.5040283203E+000
        85     4.7348575592E+000
        86     3.6987304688E+000
        87     3.4956924915E+000
        88     3.3663537502E+000
        89     3.0625121593E+000
        90     3.2896821499E+000
        91     3.7577884197E+000
        92     5.0305118561E+000
        93     4.5196843147E+000
        94     3.3740072250E+000
        95     4.5984334946E+000
        96     3.3401644230E+000
        97     4.6934747696E+000
        98     3.8455431461E+000
        99     3.3591651917E+000
       100     1.9870247841E+000
       101     3.3356711864E+000
       102     3.3674952984E+000
       103     3.5662879944E+000
       104     2.4450690746E+000
       105     3.3690371513E+000
       106     3.4546110630E+000
       107     4.8067774773E+000
       108     4.7825465202E+000
       109     4.3394708633E+000
       110     3.0989773273E+000
       111     4.6790213585E+000
       112     4.8907856941E+000
       113     4.5689096451E+000
       114     3.6891722679E+000
       115     3.6873364449E+000
       116     3.6679980755E+000
       117     3.6379039288E+000
       118     2.2092530727E+000
       119     4.1146745682E+000
       120     3.8867616653E+000
       121     4.6882681847E+000
       122     3.3808128834E+000
       123     3.1087424755E+000
       124     2.5198693275E+000
       125     3.0045754910E+000
       126     2.9184105396E+000
       127     3.2510030270E+000
       128     4.3380141258E+000
       129     3.2817251682E+000
       130     4.7889747620E+000
       131     4.6760010719E+000
       132     4.5317635536E+000
       133     3.3037149906E+000
       134     3.0418741703E+000
       135     3.9052813053E+000
       136     4.2589826584E+000
       137     3.5490469933E+000
       138     3.4112007618E+000
       139     4.6724348068E+000
       140     4.0609831810E+000
       141     3.2598443031E+000
       142     3.4675772190E+000
       143     2.9488537312E+000
       144     3.1854484081E+000
       145     3.0081775188E+000
       146     2.5706899166E+000
       147     4.7214336395E+000
       148     4.1336660385E+000
       149     4.7789187431E+000
       150     2.5871686935E+000
       151     4.5175762177E+000
       152     2.9267454147E+000
       153     4.3643918037E+000
       154     3.7612891197E+000
       155     2.9944939613E+000
       156     3.4470992088E+000
       157     4.7967004776E+000
       158     4.3525195122E+000
       159     3.4750664234E+000
       160     3.9664182663E+000
       161     4.1795148849E+000
       162     3.3922712803E+000
       163     2.9466156960E+000
       164     3.9231839180E+000
       165     4.9785871506E+000
       166     3.3088247776E+000
       167     4.1882243156E+000
       168     3.0320343971E+000
       169     3.1370878220E+000
       170     4.1120820045E+000
       171     3.5293164253E+000
       172     2.7773840427E+000
       173     3.7810094357E+000
       174     4.7644414902E+000
       175     4.1334772110E+000
       176     2.5145051479E+000
       177     2.2942626476E+000
       178     4.0710363388E+000
       179     4.8399815559E+000
       180     4.7593135834E+000
       181     4.5993905067E+000
       182     2.7029998302E+000
       183     1.7964680195E+000
       184     2.0522749424E+000
       185     3.0178999901E+000
       186     2.3432562351E+000
       187     3.7161493301E+000
       188     3.9059977531E+000
       189     4.2013316154E+000
       190     4.2258400917E+000
       191     2.7511034012E+000
       192     3.2146997452E+000
       193     2.9895105362E+000
       194     3.6960766315E+000
       195     4.1476025581E+000
       196     2.9107613564E+000
       197     2.7454535961E+000
       198     3.3097486496E+000
       199     4.2583451271E+000
       200     4.5735716820E+000
       201     2.9818482399E+000
       202     3.6766834259E+000
       203     4.5827374458E+000
       204     4.4777302742E+000
       205     4.5413546562E+000
       206     4.9023947716E+000
       207     4.8643116951E+000
       208     4.6543359756E+000
       209     1.9693858624E+000
       210     2.3959639072E+000
       211     4.1004953384E+000
       212     4.4835562706E+000
       213     4.3643622398E+000
       214     4.0329289436E+000
       215     3.6653847694E+000
       216     3.6350498199E+000
       217     4.0087924004E+000
       218     3.8824801445E+000
       219     2.7402663231E+000
       220     4.2101836205E+000
       221     3.1765046120E+000
       222     4.3123121262E+000
       223     4.5084528923E+000
       224     4.5249438286E+000
       225     4.5376734734E+000
       226     4.8166646957E+000
       227     4.8353371620E+000
       228     4.7140374184E+000
       229     3.9451489449E+000
       230     2.0333774090E+000
       231     1.9909595251E+000
       232     2.6226527691E+000
       233     2.2148256302E+000
       234     4.4485979080E+000
       235     3.4999461174E+000
       236     4.2170143127E+000
       237     4.5312833786E+000
       238     2.9988725185E+000
       239     2.3171601295E+000
       240     2.1584019661E+000
       241     4.0499668121E+000
       242     4.5720191002E+000
       243     4.2733387947E+000
       244     4.1393103600E+000
       245     3.2782044411E+000
       246     3.7845013142E+000
       247     4.0455965996E+000
       248     4.4310660362E+000
       249     4.7122817039E+000
       250     4.6004257202E+000
       251     4.2948532104E+000
       252     3.8185257912E+000
       253     2.4719297886E+000
       254     2.1789426804E+000
       255     1.4228608608E+000
       256     2.1684827805E+000
       257     1.3695378304E+000
       258     2.4592492580E+000
       259     3.6574234962E+000
       260     2.4684441090E+000
       261     4.6184091568E+000
       262     3.9878468513E+000
       263     4.5752625465E+000
       264     1.7081644535E+000
       265     3.2405972481E+000
       266     1.8363759518E+000
       267     4.4748048782E+000
       268     4.5123744011E+000
       269     2.8137707710E+000
       270     2.8953790665E+000
       271     3.2933454514E+000
       272     3.7382528782E+000
       273     4.3221616745E+000
       274     4.2987356186E+000
       275     4.2580871582E+000
       276     4.2391614914E+000
       277     1.4383211136E+000
       278     1.9976167679E+000
       279     1.7208971977E+000
       280     1.8454014063E+000
       281     2.8749887943E+000
       282     3.7858154774E+000
       283     2.2891466618E+000
       284     4.5876383781E+000
       285     4.4293384552E+000
       286     4.5195517540E+000
       287     2.3007135391E+000
       288     2.6736006737E+000
       289     2.3451302052E+000
       290     4.2444295883E+000
       291     3.3293197155E+000
       292     2.9540851116E+000
       293     3.0081422329E+000
       294     3.2606239319E+000
       295     3.1604099274E+000
       296     3.1666822433E+000
       297     3.7549254894E+000
       298     4.3575053215E+000
       299     4.2494726181E+000
       300     1.4943447113E+000
       301     1.8331565857E+000
       302     1.4205683470E+000
       303     3.3731701374E+000
       304     3.6795327663E+000
       305     2.4618577957E+000
       306     4.3608379364E+000
       307     4.3906412125E+000
       308     4.4238162041E+000
       309     1.9602724314E+000
       310     1.8462384939E+000
       311     1.6252578497E+000
       312     2.2897362709E+000
       313     3.7417161465E+000
       314     3.6223418713E+000
       315     3.1731579304E+000
       316     3.2379677296E+000
       317     3.0267016888E+000
       318     3.8840382099E+000
       319     3.3592028618E+000
       320     4.2776732445E+000
       321     1.5570234060E+000
       322     1.4872300625E+000
       323     3.5375676155E+000
       324     3.1490018368E+000
       325     2.3477749825E+000
       326     4.2333555222E+000
       327     4.3302736282E+000
       328     3.4854469299E+000
       329     1.9465646744E+000
       330     1.7815501690E+000
       331     2.1381800175E+000
       332     1.3883068562E+000
       333     3.0076897144E+000
       334     1.9792801142E+000
       335     2.2798845768E+000
       336     3.7352888584E+000
       337     3.7947633266E+000
       338     3.7016215324E+000
       339     1.9524759054E+000
       340     1.9579861164E+000
       341     3.0806362629E+000
       342     4.0617871284E+000
       343     4.2412214279E+000
       344     4.0588431358E+000
       345     3.4278724194E+000
       346     1.3675777912E+000
       347     1.5761815310E+000
       348     1.8529125452E+000
       349     2.7027962208E+000
       350     2.8582906723E+000
       351     2.0499892235E+000
       352     3.5111031532E+000
       353     2.8926696777E+000
       354     2.5887863636E+000
       355     3.1622247696E+000
       356     1.9866006374E+000
       357     1.6778126955E+000
       358     1.3322724104E+000
       359     3.1749968529E+000
       360     3.7988076210E+000
       361     3.9813435078E+000
       362     3.2155210972E+000
       363     4.0729703903E+000
       364     4.0673074722E+000
       365     3.7187201977E+000
       366     1.4021412134E+000
       367     2.1219363213E+000
       368     3.1572999954E+000
       369     3.8789730072E+000
       370     1.5568748713E+000
       371     1.9156912565E+000
       372     1.7733494043E+000
       373     1.6366106272E+000
       374     1.4339067936E+000
       375     1.5992673635E+000
       376     2.0835685730E+000
       377     1.6337178946E+000
       378     3.1548705101E+000
       379     2.4416189194E+000
       380     2.2406680584E+000
       381     1.0146085024E+000
       382     1.5330365896E+000
       383     1.8207019567E+000
       384     2.1531136036E+000
       385     1.6758234501E+000
       386     2.3585650921E+000
       387     1.3257441521E+000
       388     2.8482036591E+000
       389     3.5154867172E+000
       390     4.2977409363E+000
       391     3.9268209934E+000
       392     3.6380736828E+000
       393     3.5046482086E+000
       394     3.2006525993E+000
       395     3.6434519291E+000
       396     4.1396079063E+000
       397     4.4746074677E+000
       398     2.7881519794E+000
       399     3.3947973251E+000
       400     3.1720104218E+000
       401     1.5353311300E+000
       402     2.8145051003E+000
       403     1.9608114958E+000
       404     2.6335246563E+000
       405     2.7144999504E+000
       406     3.2542669773E+000
       407     1.8429600000E+000
       408     2.1080350876E+000
       409     1.9471824169E+000
       410     2.1574065685E+000
       411     1.8940610886E+000
       412     1.4398077726E+000
       413     1.7092922926E+000
       414     2.0833110809E+000
       415     2.9678180218E+000
       416     3.0607628822E+000
       417     4.2677907944E+000
       418     3.9331586361E+000
       419     4.4426102638E+000
       420     3.8012232780E+000
       421     3.9267580509E+000
       422     4.5229954720E+000
       423     3.6568219662E+000
       424     3.8976101875E+000
       425     3.7633168697E+000
       426     2.7745049000E+000
       427     4.0052571297E+000
       428     3.3729567528E+000
       429     2.5655839443E+000
       430     2.1274120808E+000
       431     1.7535859346E+000
       432     1.5733100176E+000
       433     1.5329272747E+000
       434     1.8448618650E+000
       435     1.7282924652E+000
       436     1.8651483059E+000
       437     2.1849424839E+000
       438     2.7523560524E+000
       439     3.2376952171E+000
       440     3.8839042187E+000
       441     2.7985656261E+000
       442     3.5060472488E+000
       443     4.4414415359E+000
       444     4.5073909760E+000
       445     4.0632939339E+000
       446     4.5480017662E+000
       447     4.0209903717E+000
       448     4.1545443535E+000
       449     3.9039502144E+000
       450     4.0816521645E+000
       451     4.3966784477E+000
       452     2.8141975403E+000
       453     2.9770343304E+000
       454     2.2013425827E+000
       455     2.2388026714E+000
       456     2.3449785709E+000
       457     2.1094751358E+000
       458     1.9260389805E+000
       459     3.3103892803E+000
       460     2.5595114231E+000
       461     2.1910223961E+000
       462     4.0802102089E+000
       463     4.1095304489E+000
       464     4.2690935135E+000
       465     3.0185062885E+000
       466     3.8008549213E+000
       467     4.3607730865E+000
       468     4.4505090714E+000
       469     4.1530942917E+000
       470     4.1901383400E+000
       471     4.2241840363E+000
       472     4.0508494377E+000
       473     4.6353144646E+000
       474     4.3837394714E+000
       475     2.7086911201E+000
       476     1.6426610947E+000
       477     2.5603923798E+000
       478     2.2789063454E+000
       479     2.6038861275E+000
       480     1.9912732840E+000
       481     1.9772790670E+000
       482     2.4093289375E+000
       483     2.7750570774E+000
       484     3.0108089447E+000
       485     3.6865866184E+000
       486     4.1867051125E+000
       487     2.3083200455E+000
       488     4.3271679878E+000
       489     4.5298609734E+000
       490     3.5801949501E+000
       491     4.2872424126E+000
       492     4.3490233421E+000
       493     4.4327607155E+000
       494     4.2372612953E+000
       495     4.2045240402E+000
       496     4.1210780144E+000
       497     3.9421913624E+000
       498     2.6049098969E+000
       499     2.4381015301E+000
       500     2.8525662422E+000
       501     2.3617391586E+000
       502     2.2178933620E+000
       503     2.7048909664E+000
       504     2.2256150246E+000
       505     3.1028280258E+000
       506     2.9289164543E+000
       507     2.7717411518E+000
       508     3.6463656425E+000
       509     4.2585487366E+000
       510     4.4096088409E+000
       511     3.2975378036E+000
       512     4.6518173218E+000
       513     4.9049782753E+000
       514     3.3389601707E+000
       515     4.1660718918E+000
       516     4.2193746567E+000
       517     4.2410459518E+000
       518     4.2317886353E+000
       519     4.1021647453E+000
       520     4.1898803711E+000
       521     2.5997004509E+000
       522     1.8314180374E+000
       523     2.7200505733E+000
       524     2.3690471649E+000
       525     2.5707323551E+000
       526     2.9037637711E+000
       527     3.3484013081E+000
       528     3.7709329128E+000
       529     2.7355515957E+000
       530     2.8779225349E+000
       531     4.2405552864E+000
       532     4.4916987419E+000
       533     4.7968959808E+000
       534     4.3719267845E+000
       535     4.9743142128E+000
       536     5.0141911507E+000
       537     5.0747427940E+000
       538     2.2116477489E+000
       539     3.6753551960E+000
       540     3.9558160305E+000
       541     4.7778944969E+000
       542     4.9637479782E+000
       543     4.9748053551E+000
       544     2.5462803841E+000
       545     2.2308535576E+000
       546     2.6890573502E+000
       547     2.4252970219E+000
       548     2.9171049595E+000
       549     4.2209320068E+000
       550     3.9734325409E+000
       551     4.0443415642E+000
       552     4.2350535393E+000
       553     4.5896348953E+000
       554     3.9058496952E+000
       555     4.6200170517E+000
       556     4.9168491364E+000
       557     4.7897744179E+000
       558     5.0580239296E+000
       559     5.0085263252E+000
       560     5.0094928741E+000
       561     2.8290061951E+000
       562     3.7878880501E+000
       563     4.4446072578E+000
       564     4.6879286766E+000
       565     4.7902150154E+000
       566     3.4965221882E+000
       567     1.9423189163E+000
       568     2.4562945366E+000
       569     2.5387160778E+000
       570     2.3307352066E+000
       571     4.5874342918E+000
       572     3.0317389965E+000
       573     4.4750380516E+000
       574     4.9116725922E+000
       575     4.3138203621E+000
       576     4.4103999138E+000
       577     4.6998324394E+000
       578     4.9400377274E+000
       579     4.8233127594E+000
       580     4.9827275276E+000
       581     5.0664219856E+000
       582     4.9538793564E+000
       583     5.0634083748E+000
       584     4.9044394493E+000
       585     3.8554928303E+000
       586     4.1322484016E+000
       587     4.1690626144E+000
       588     4.7118625641E+000
       589     3.8629190922E+000
       590     2.0635769367E+000
       591     2.4483702183E+000
       592     3.3775265217E+000
       593     3.2847442627E+000
       594     2.5471472740E+000
       595     5.0894689560E+000
       596     4.6343941689E+000
       597     4.8447027206E+000
       598     5.0813016891E+000
       599     5.1049466133E+000
       600     4.8967308998E+000
       601     5.0885238647E+000
       602     5.1147208214E+000
       603     5.0427551270E+000
       604     5.1159944534E+000
       605     4.9599742889E+000
       606     5.0084757805E+000
       607     5.0980291367E+000
       608     4.8059096336E+000
       609     3.8225431442E+000
       610     4.0914654732E+000
       611     4.5681605339E+000
       612     2.0440540314E+000
       613     2.0464773178E+000
       614     2.5630495548E+000
       615     2.6674718857E+000
       616     2.8002002239E+000
       617     2.8039233685E+000
       618     2.8356788158E+000
       619     2.7826852798E+000
       620     3.8456969261E+000
       621     3.4359512329E+000
       622     3.9141428471E+000
       623     5.1728553772E+000
       624     4.6971774101E+000
       625     5.0484304428E+000
       626     5.2008399963E+000
       627     5.1100425720E+000
       628     5.1700162888E+000
       629     5.1447019577E+000
       630     4.8877754211E+000
       631     4.9425067902E+000
       632     5.0616273880E+000
       633     4.6404852867E+000
       634     4.0474762917E+000
       635     4.2868709564E+000
       636     4.0847697258E+000
       637     2.4437642097E+000
       638     2.7703740597E+000
       639     3.1920881271E+000
       640     3.2357268333E+000
       641     2.8069772720E+000
       642     3.1629135609E+000
       643     3.3631412983E+000
       644     4.6007542610E+000
       645     4.6692132950E+000
       646     4.3273577690E+000
       647     5.2053456306E+000
       648     4.6158866882E+000
       649     4.9270062447E+000
       650     5.2081947327E+000
       651     5.1429796219E+000
       652     5.2147674561E+000
       653     5.0713939667E+000
       654     4.7502875328E+000
       655     4.9390258789E+000
       656     4.9917006493E+000
       657     4.5119924545E+000
       658     4.0376811028E+000
       659     3.4899969101E+000
       660     2.2208032608E+000
       661     3.6499106884E+000
       662     3.9745216370E+000
       663     2.8527593613E+000
       664     2.9033818245E+000
       665     3.1310734749E+000
       666     3.2589836121E+000
       667     3.0730810165E+000
       668     2.8816516399E+000
       669     3.4760072231E+000
       670     4.5356144905E+000
       671     4.9237036705E+000
       672     4.8957657814E+000
       673     5.2142882347E+000
       674     4.9690399170E+000
       675     5.1443347931E+000
       676     5.1447072029E+000
       677     5.1739964485E+000
       678     5.1132073402E+000
       679     4.6824464798E+000
       680     4.8379096985E+000
       681     4.9428949356E+000
       682     4.3513565063E+000
       683     2.4722194672E+000
       684     3.0280456543E+000
       685     3.6775350571E+000
       686     2.1413662434E+000
       687     4.6233015060E+000
       688     2.8614792824E+000
       689     2.9304120541E+000
       690     2.9660663605E+000
       691     3.0931763649E+000
       692     3.4339871407E+000
       693     3.0914220810E+000
       694     2.9435122013E+000
       695     2.8615984917E+000
       696     3.8573260307E+000
       697     4.8647165298E+000
       698     4.8761429787E+000
       699     4.8073425293E+000
       700     5.1769514084E+000
       701     4.9560999870E+000
       702     5.1144142151E+000
       703     5.0952453613E+000
       704     5.0001301765E+000
       705     4.7839674950E+000
       706     4.5679273605E+000
       707     4.7504820824E+000
       708     4.2010941505E+000
       709     1.9172031879E+000
       710     3.2228870392E+000
       711     3.2893412113E+000
       712     4.5820922852E+000
       713     4.4299364090E+000
       714     3.0040462017E+000
       715     2.9890718460E+000
       716     2.9151260853E+000
       717     3.1898436546E+000
       718     2.9532306194E+000
       719     3.2846817970E+000
       720     2.8697175980E+000
       721     2.7009689808E+000
       722     3.3122169971E+000
       723     2.8937339783E+000
       724     2.6889626980E+000
       725     4.1249432564E+000
       726     4.6858377457E+000
       727     4.7905116081E+000
       728     4.6671142578E+000
       729     4.7123064995E+000
       730     4.4892420769E+000
       731     4.9432001114E+000
       732     4.4970235825E+000
       733     4.6869006157E+000
       734     4.5096406937E+000
       735     4.3326830864E+000
       736     3.5433909893E+000
       737     4.5069131851E+000
       738     3.6022415161E+000
       739     3.2691628933E+000
       740     3.9189105034E+000
       741     3.7337534428E+000
       742     3.0674588680E+000
       743     3.1372091770E+000
       744     3.1449944973E+000
       745     3.5845632553E+000
       746     3.0026116371E+000
       747     3.1274755001E+000
       748     4.1870913506E+000
       749     4.5397162437E+000
       750     4.5507054329E+000
       751     4.3446688652E+000
       752     4.0920791626E+000
       753     3.8318798542E+000
       754     3.2161588669E+000
       755     4.4811639786E+000
       756     3.1504266262E+000
       757     3.2010459900E+000
       758     2.8283197880E+000
       759     4.1438646317E+000
       760     2.9457435608E+000
       761     3.2613868713E+000
       762     3.7473328114E+000
       763     3.6295411587E+000
       764     4.4683656693E+000
       765     4.3288602829E+000
       766     4.2164611816E+000
       767     4.1423492432E+000
       768     3.7842559814E+000
       769     2.8341200352E+000
       770     4.4106216431E+000
       771     3.3041429520E+000
       772     3.4386007786E+000
       773     3.0001256466E+000
       774     2.9251141548E+000
       775     2.9292714596E+000
       776     4.4579038620E+000
       777     3.1675763130E+000
       778     3.9269545078E+000
       779     4.1527972221E+000
       780     4.4384717941E+000
       781     4.2626662254E+000
       782     4.0760884285E+000
       783     3.7115035057E+000
       784     2.8537697792E+000
       785     2.2987744808E+000
       786     4.4298219681E+000
       787     3.0966536999E+000
       788     2.9065959454E+000
       789     2.8594601154E+000
       790     2.2630116940E+000
       791     2.9614205360E+000
       792     4.2876257896E+000
       793     3.4513211250E+000
       794     4.0758028030E+000
       795     4.3401751518E+000
       796     4.1709461212E+000
       797     3.6138963699E+000
       798     2.9481019974E+000
       799     1.8132596016E+000
       800     2.7828700542E+000
       801     4.1101107597E+000
       802     2.7598536015E+000
       803     2.1899690628E+000
       804     3.4639337063E+000
       805     3.6834397316E+000
       806     3.4611120224E+000
       807     4.4008669853E+000
       808     4.2426204681E+000
       809     4.0538253784E+000
       810     3.5435864925E+000
       811     2.9817092419E+000
       812     3.7039644718E+000
       813     2.5952773094E+000
       814     2.1397304535E+000
       815     4.0051593781E+000
       816     3.8757610321E+000
       817     4.1169805527E+000
       818     3.9559772015E+000
       819     3.6649863720E+000
       820     4.0992770195E+000
       821     3.6447145939E+000
       822     2.5247204304E+000
       823     2.9030234814E+000
       824     2.9238095284E+000
       825     3.3307814598E+000
       826     4.1293449402E+000
       827     4.0154962540E+000
       828     3.5944721699E+000
       829     3.8882229328E+000
       830     3.7371110916E+000
       831     2.0784003735E+000
       832     3.2934575081E+000
       833     3.3455474377E+000
       834     3.4958899021E+000
       835     3.8902220726E+000
       836     3.7859909534E+000
       837     3.8539214134E+000
       838     3.7657351494E+000
       839     1.9589565992E+000
       840     3.1653015614E+000
       841     2.6032555103E+000
       842     2.5951225758E+000
       843     3.1056833267E+000
       844     4.0226144791E+000
       845     3.2464489937E+000
       846     3.9660522938E+000
       847     3.5335257053E+000
       848     2.4734840393E+000
       849     2.9937252998E+000
       850     2.6870017052E+000
       851     2.5146026611E+000
       852     2.7314317226E+000
       853     3.7376835346E+000
       854     3.5136473179E+000
       855     3.5022814274E+000
       856     2.4493296146E+000
       857     3.3584733009E+000
       858     3.6046619415E+000
       859     3.3780298233E+000
       860     2.3540530205E+000
       861     3.5447597504E+000
       862     3.7792079449E+000
       863     3.5610620975E+000
       864     1.7081346512E+000
       865     3.5943138599E+000
       866     3.3793499470E+000
       867     3.1270289421E+000
       868     2.6714816093E+000
       869     3.0516133308E+000
       870     2.8989462852E+000
       871     3.7148535252E+000
       872     3.0135588646E+000
       873     2.5317971706E+000
       874     4.0003066063E+000
       875     4.0053439140E+000
       876     2.2036464214E+000
       877     3.3445022106E+000
       878     2.2042369843E+000
       879     3.2786483765E+000
       880     4.2747592926E+000
       881     3.2443518639E+000
       882     3.1066792011E+000
       883     3.0397160053E+000
       884     2.2792344093E+000
       885     4.4258947372E+000
       886     2.4528205395E+000
       887     2.9599289894E+000
       888     4.5305948257E+000
       889     2.9418721199E+000
       890     2.5672760010E+000
       891     3.2484185696E+000
       892     3.8195371628E+000
       893     3.0704736710E+000
       894     2.4407145977E+000
       895     4.5667700768E+000
       896     3.3149750233E+000
       897     4.8828392029E+000
       898     4.6807737350E+000
       899     2.9726254940E+000
       900     2.7144608498E+000
       901     2.3923664093E+000
       902     4.0865530968E+000
       903     4.7986392975E+000
       904     4.5915579796E+000
       905     3.1823542118E+000
       906     2.6045689583E+000
       907     3.1101076603E+000
       908     2.1598651409E+000
       909     4.6019406319E+000
       910     3.5297763348E+000
       911     4.8481349945E+000
       912     4.7501344681E+000
       913     3.0679543018E+000
       914     3.6974122524E+000
       915     3.7999370098E+000
       916     4.5612206459E+000
       917     4.9177465439E+000
       918     2.5407028198E+000
       919     3.0535109043E+000
       920     2.8062300682E+000
       921     3.0960381031E+000
       922     4.5735263824E+000
       923     4.7131524086E+000
       924     4.9656624794E+000
       925     2.8239562511E+000
       926     3.3960478306E+000
       927     2.6182253361E+000
       928     4.3155136108E+000
       929     4.9147500992E+000
       930     4.0294647217E+000
       931     2.4968557358E+000
       932     2.8158934116E+000
       933     3.0557496548E+000
       934     2.0518598557E+000
       935     2.1924185753E+000
       936     4.5710282326E+000
       937     4.7724504471E+000
       938     4.9198412895E+000
       939     3.8904864788E+000
       940     2.3262178898E+000
       941     3.0842688084E+000
       942     2.8955776691E+000
       943     4.8370132446E+000
       944     3.4883272648E+000
       945     3.6635735035E+000
       946     2.5379416943E+000
       947     3.5773787498E+000
       948     4.4177503586E+000
       949     4.6475572586E+000
       950     4.8092303276E+000
       951     4.9637756348E+000
       952     4.4721374512E+000
       953     3.1944336891E+000
       954     2.6563417912E+000
       955     1.9931997061E+000
       956     2.3762083054E+000
       957     4.9100532532E+000
       958     3.6193237305E+000
       959     2.2840309143E+000
       960     4.0586185455E+000
       961     4.7124791145E+000
       962     4.8856754303E+000
       963     4.6837244034E+000
       964     3.0599138737E+000
       965     1.9513117075E+000
       966     4.9232730865E+000
       967     2.5240321159E+000
       968     4.3252234459E+000
       969     4.8250083923E+000
       970     3.8826074600E+000
       971     1.2710671425E+000
       972     4.2351284027E+000
       973     3.1150350571E+000
       974     2.4021744728E+000
       975     3.7844214439E+000
       976     4.0723452568E+000
       977     4.0543766022E+000
       978     3.2295348644E+000
       979     1.6260302067E+000
       980     4.3121976852E+000
       981     2.8766314983E+000
       982     2.6187200546E+000
       983     3.2743072510E+000
       984     3.9062163830E+000
       985     4.2278118134E+000
       986     4.0266890526E+000
       987     2.6758725643E+000
       988     1.7662965059E+000
       989     4.4218659401E+000
       990     2.7871782780E+000
       991     1.7532806396E+000
       992     3.8208386898E+000
       993     3.2712061405E+000
       994     4.0210471153E+000
       995     3.5287151337E+000
       996     4.4577531815E+000
       997     2.0263566971E+000
       998     2.2420780659E+000
       999     4.0963625908E+000
      1000     3.2756462097E+000
      1001     2.8354544640E+000
      1002     4.4530935287E+000
      1003     4.4383134842E+000
      1004     4.5104780197E+000
      1005     4.3804588318E+000
      1006     2.4648368359E+000
      1007     3.3404409885E+000
      1008     4.2703905106E+000
      1009     2.8665664196E+000
      1010     4.0856857300E+000
      1011     4.6779670715E+000
      1012     4.7368702888E+000
      1013     4.6917519569E+000
      1014     2.4117093086E+000
      1015     3.4259362221E+000
      1016     2.7412765026E+000
      1017     4.6486110687E+000
      1018     4.7685365677E+000
      1019     4.9222064018E+000
      1020     4.7112746239E+000
      1021     3.7161245346E+000
      1022     3.6924507618E+000
      1023     4.9666104317E+000
      1024     4.8135223389E+000
      1025     4.8007116318E+000
      1026     4.9419245720E+000
      1027     3.9122164249E+000
      1028     3.8434622288E+000
      1029     4.7806878090E+000
      1030     5.0342941284E+000
      1031     3.6658792496E+000
      1032     3.2162139416E+000
      1033     4.9775900841E+000
      1034     3.7880318165E+000
      1035     3.5651059151E+000
      1036     2.9601984024E+000
      1037     4.1944217682E+000
      1038     4.2244834900E+000
      1039     3.6000235081E+000
      1040     3.1440265179E+000
      1041     5.2182488441E+000
      1042     4.1998267174E+000
      1043     5.0182948112E+000
      1044     3.4604094028E+000
      1045     3.9768753052E+000
      1046     4.5628013611E+000
      1047     4.9858751297E+000
      1048     5.0158996582E+000
      1049     5.2272500992E+000
      1050     3.3435196877E+000
      1051     5.1925373077E+000
      1052     5.0789742470E+000
      1053     4.6019721031E+000
      1054     5.0936207771E+000
      1055     3.2914731503E+000
      1056     4.3690915108E+000
      1057     3.7539136410E+000
      1058     3.5892596245E+000
      1059     3.1289806366E+000
      1060     4.2379174232E+000
      1061     3.0829954147E+000
      1062     4.6603198051E+000
      1063     3.2501254082E+000
      1064     3.4890248775E+000
      1065     3.4865040779E+000
      1066     4.3953514099E+000
      1067     3.4882886410E+000
      1068     3.1454732418E+000
      1069     2.9829392433E+000
